5284580 2 2909 1
5284630 0 0 0
5284680 0 0 0
5284730 0 0 0
5284780 0 0 0
5284830 0 0 0
5284880 0 0 0
5284930 0 0 0
5284980 0 0 0
5285030 0 0 0
5285080 0 0 0
5285130 0 0 0
5285180 0 0 0
5285230 0 0 0
5285280 0 0 0
5285330 0 0 0
5285380 0 0 0
5285430 0 0 0
5285480 0 0 0
5285530 0 0 0
5285580 0 1991 1
5285630 0 0 0
5285680 0 0 0
5285730 0 0 0
5285780 0 0 0
5285830 0 0 0
5285880 0 0 0
5285930 0 0 0
5285980 0 0 0
5286030 0 0 0
5286080 0 0 0
5286130 0 0 0
5286180 0 0 0
5286230 0 0 0
5286280 0 0 0
5286330 0 0 0
5286380 0 0 0
5286430 0 0 0
5286480 0 0 0
5286530 0 0 0
5286580 0 1916 0
5286630 0 0 0
5286680 0 0 0
5286730 0 0 0
5286780 0 0 0
5286830 0 0 0
5286880 0 0 0
5286930 0 0 0
5286980 0 0 0
5287030 0 0 0
5287080 0 0 0
5287130 0 0 0
5287180 0 0 0
5287230 0 0 0
5287280 0 0 0
5287330 0 0 0
5287380 0 0 0
5287430 0 0 0
5287480 0 0 0
5287530 0 0 0
5287580 0 1886 3
5287630 0 0 0
5287680 0 0 0
5287730 0 0 0
5287780 0 0 0
5287830 0 0 0
5287880 0 0 0
5287930 0 0 0
5287980 0 0 0
5288030 0 0 0
5288080 0 0 0
5288130 0 0 0
5288180 0 0 0
5288230 0 0 0
5288280 0 0 0
5288330 0 0 0
5288380 0 0 0
5288430 0 0 0
5288480 0 0 0
5288530 0 0 0
5288580 0 0 0
5288630 0 1881 2
5288680 0 0 0
5288730 0 0 0
5288780 0 0 0
5288830 0 0 0
5288880 0 0 0
5288930 0 0 0
5288980 0 0 0
5289030 0 0 0
5289080 0 0 0
5289130 0 0 0
5289180 0 0 0
5289230 0 0 0
5289280 0 0 0
5289330 0 0 0
5289380 0 0 0
5289430 0 0 0
5289480 0 0 0
5289530 0 0 0
5289580 0 0 0
5289630 0 69 0
5289680 0 0 0
5289733 0 0 0
5289783 9 576 0
5289833 2 225 0
5289883 2 158 0
5289933 1 16 0
5289983 0 64 0
5290046 5 69 0
5290096 3 90 0
5290146 6 349 0
5290197 3 52 0
5290247 3 202 0
5290297 0 0 0
5290347 0 0 0
5290397 0 0 0
5290447 0 0 0
5290497 0 0 0
5290547 0 0 0
5290597 0 0 0
5290647 0 0 0
5290697 0 0 0
5290747 0 0 0
5290797 0 0 0
5290847 0 0 0
5290897 0 0 0
5290947 0 0 0
5290997 0 0 0
5291047 0 0 0
5291097 0 0 0
5291147 0 0 0
5291203 0 0 0
5291253 5 576 0
5291303 17 750 0
5291353 0 0 0
5291403 4 147 0
5291453 0 41 0
5291503 0 0 0
5291553 0 0 0
5291603 0 0 0
5291653 4 269 0
5291703 0 0 0
5291753 0 0 0
5291803 0 0 0
5291853 0 0 0
5291903 0 0 0
5291953 0 0 0
5292003 0 0 0
5292053 0 0 0
5292103 0 0 0
5292153 0 0 0
5292203 0 0 0
5292253 0 0 0
5292303 0 0 0
5292353 0 0 0
5292403 0 0 0
5292453 0 0 0
5292503 0 0 0
5292553 0 0 0
5292603 0 0 0
5292653 0 34 0
5292703 0 0 0
5292753 1 18 0
5292803 0 0 0
5292853 1 4 0
5292903 7 441 0
5292953 3 268 0
5293003 0 0 0
5293053 3 235 0
5293103 2 199 0
5293153 0 0 0
5293203 0 0 0
5293253 7 336 1
5293303 0 230 1
5293353 0 0 0
5293403 0 0 0
5293453 0 0 0
5293503 0 0 0
5293553 0 0 0
5293603 0 0 0
5293653 0 0 0
5293703 0 0 0
5293753 0 0 0
5293803 0 0 0
5293853 0 0 0
5293903 0 0 0
5293953 0 0 0
5294003 0 0 0
5294067 0 0 0
5294117 0 0 0
5294167 0 0 0
5294219 0 0 0
5294269 0 15 0
5294319 19 776 0
5294369 28 543 1
5294419 12 427 0
5294469 0 0 0
5294519 0 0 0
5294569 0 0 0
5294619 0 0 0
5294669 0 0 0
5294719 0 0 0
5294769 0 0 0
5294819 0 0 0
5294869 0 0 0
5294919 0 0 0
5294969 0 0 0
5295019 0 0 0
5295069 0 0 0
5295119 0 0 0
5295169 0 0 0
5295219 0 0 0
5295269 0 0 0
5295319 0 0 0
5295369 0 0 0
5295419 15 461 1
5295469 25 996 0
5295519 9 310 0
5295569 0 0 0
5295619 0 0 0
5295669 0 0 0
5295719 0 0 0
5295769 0 0 0
5295819 0 0 0
5295869 0 0 0
5295919 0 0 0
5295971 0 0 0
5296021 0 0 0
5296071 0 0 0
5296121 0 0 0
5296171 0 0 0
5296221 0 0 0
5296272 0 0 0
5296322 0 0 0
5296372 0 0 0
5296422 0 0 0
5296472 0 0 0
5296522 0 15 0
5296572 0 0 0
5296622 0 0 0
5296672 1 18 0
5296722 0 0 0
5296772 12 288 1
5296822 2 58 0
5296872 0 0 0
5296922 6 184 0
5296972 0 0 0
5297022 3 67 0
5297072 3 88 0
5297122 0 0 0
5297172 5 138 0
5297222 5 142 0
5297272 6 182 0
5297323 1 0 0
5297373 2 45 0
5297423 1 96 0
5297473 13 203 0
5297523 5 156 0
5297573 0 0 0
5297623 0 0 0
5297673 0 0 0
5297723 0 0 0
5297773 0 0 0
5297823 0 0 0
5297873 0 0 0
5297923 0 0 0
5297973 0 0 0
5298023 0 0 0
5298073 0 0 0
5298123 0 0 0
5298173 0 0 0
5298223 0 0 0
5298273 0 0 0
5298323 0 0 0
5298373 0 0 0
5298423 0 0 0
5298474 0 0 0
5298524 0 17 0
5298574 0 0 0
5298625 1 0 0
5298675 14 238 0
5298725 2 144 0
5298775 0 0 0
5298825 0 0 0
5298875 0 0 0
5298925 13 236 0
5298975 27 635 0
5299025 11 175 0
5299075 1 54 0
5299126 0 0 0
5299176 19 234 0
5299226 0 0 0
5299276 0 0 0
5299328 0 0 0
5299378 0 0 0
5299428 0 0 0
5299478 0 0 0
5299528 0 0 0
5299578 0 0 0
5299628 0 0 0
5299678 0 0 0
5299728 0 0 0
5299778 0 0 0
5299828 0 0 0
5299891 0 0 0
5299941 0 0 0
5299991 0 0 0
5300041 0 0 0
5300091 0 0 0
5300141 0 0 0
5300191 0 27 0
5300241 0 0 0
5300291 0 0 0
5300341 0 0 0
5300391 1 0 0
5300442 0 0 0
5300492 0 0 0
5300542 0 0 0
5300592 0 0 0
5300642 4 96 0
5300692 0 0 0
5300742 6 57 0
5300792 24 306 0
5300842 15 216 1
5300892 11 150 0
5300942 3 24 0
5300992 6 118 0
5301042 0 0 0
5301092 0 0 0
5301142 0 0 0
5301192 1 9 0
5301242 0 0 0
5301292 13 268 0
5301342 8 68 0
5301392 0 0 0
5301442 0 0 0
5301492 0 0 0
5301542 4 46 0
5301594 7 126 0
5301644 0 5 0
5301694 0 0 0
5301745 2 26 0
5301795 0 0 0
5301845 0 0 0
5301895 0 0 0
5301945 0 0 0
5301995 0 0 0
5302045 0 0 0
5302095 6 92 0
5302146 2 29 0
5302197 0 0 0
5302247 0 0 0
5302297 0 0 0
5302347 0 0 0
5302397 0 0 0
5302447 0 0 0
5302497 0 0 0
5302547 0 0 0
5302597 0 0 0
5302648 0 0 0
5302698 0 0 0
5302748 0 0 0
5302798 0 0 0
5302848 0 0 0
5302902 0 0 0
5302952 0 0 0
5303002 0 0 0
5303052 0 0 0
5303102 0 0 0
5303152 13 148 0
5303202 4 32 0
5303252 1 0 0
5303302 17 148 0
5303352 14 125 0
5303402 3 66 1
5303452 0 0 0
5303502 0 0 0
5303552 0 0 0
5303602 20 144 0
5303652 11 70 0
5303702 0 0 0
5303752 0 0 0
5303802 0 0 0
5303852 19 174 0
5303902 15 122 0
5303952 0 0 0
5304002 0 0 0
5304052 7 23 0
5304104 0 0 0
5304154 6 47 0
5304204 0 0 0
5304254 9 62 0
5304308 26 246 0
5304358 17 146 0
5304408 4 20 0
5304458 0 0 0
5304508 1 8 0
5304558 0 0 0
5304608 0 0 0
5304658 0 0 0
5304708 0 0 0
5304758 0 0 0
5304808 0 0 0
5304858 0 0 0
5304908 0 0 0
5304958 0 0 0
5305008 0 0 0
5305058 0 0 0
5305108 0 0 0
5305158 0 0 0
5305208 0 0 0
5305258 0 0 0
5305308 0 0 0
5305358 0 0 0
5305408 0 0 0
5305458 0 0 0
5305508 5 72 1
5305558 0 0 0
5305608 15 129 0
5305658 28 139 0
5305708 15 197 0
5305758 5 17 0
5305808 0 6 0
5305858 0 0 0
5305908 0 0 0
5305958 0 0 0
5306008 9 84 0
5306058 25 204 0
5306108 12 105 1
5306158 0 0 0
5306208 0 0 0
5306258 3 32 0
5306308 0 0 0
5306358 6 53 0
5306409 30 227 0
5306459 15 110 0
5306509 0 0 0
5306559 16 117 0
5306609 10 108 0
5306659 0 0 0
5306709 0 0 0
5306759 0 0 0
5306809 0 0 0
5306859 0 0 0
5306909 0 0 0
5306959 0 0 0
5307009 0 0 0
5307067 0 0 0
5307117 0 0 0
5307169 0 0 0
5307227 0 0 0
5307279 0 0 0
5307335 0 0 0
5307385 0 0 0
5307435 0 0 0
5307485 0 0 0
5307535 0 0 0
5307585 4 66 0
5307635 27 238 0
5307685 30 322 0
5307735 26 289 0
5307785 23 229 0
5307835 29 267 0
5307885 24 257 0
5307935 0 0 0
5307985 0 0 0
5308035 0 0 0
5308085 0 0 0
5308135 0 0 0
5308185 0 0 0
5308235 0 0 0
5308285 0 0 0
5308335 0 0 0
5308385 0 0 0
5308435 0 0 0
5308485 0 0 0
5308535 0 0 0
5308585 0 0 0
5308635 0 0 0
5308685 0 0 0
5308735 0 0 0
5308785 0 0 0
5308835 0 0 0
5308885 0 0 0
5308935 0 0 0
5308985 6 41 0
5309035 27 216 0
5309085 2 19 0
5309135 0 0 0
5309185 26 133 0
5309235 25 204 0
5309285 15 142 0
5309337 0 0 0
5309387 0 0 0
5309437 1 0 0
5309487 8 30 0
5309537 2 9 0
5309587 0 0 0
5309637 0 0 0
5309687 0 0 0
5309737 22 148 1
5309787 25 199 0
5309837 1 25 0
5309887 0 0 0
5309937 27 230 0
5309987 17 172 0
5310037 0 0 0
5310087 0 0 0
5310137 0 0 0
5310187 4 7 0
5310237 2 21 0
5310287 0 0 0
5310337 0 0 0
5310387 0 0 0
5310437 0 0 0
5310487 0 0 0
5310537 0 0 0
5310587 0 0 0
5310637 0 0 0
5310687 0 0 0
5310737 0 0 0
5310787 0 0 0
5310837 0 0 0
5310887 0 0 0
5310937 0 0 0
5310987 0 0 0
5311037 0 0 0
5311087 0 0 0
5311137 0 0 0
5311187 0 0 0
5311237 10 74 0
5311287 0 0 0
5311337 4 22 0
5311387 28 164 0
5311437 28 231 0
5311487 11 91 0
5311537 0 0 0
5311587 0 0 0
5311637 0 0 0
5311687 5 20 0
5311737 31 226 0
5311787 1 4 0
5311837 0 0 0
5311887 0 0 0
5311937 1 0 0
5311987 3 8 0
5312037 3 48 0
5312087 0 0 0
5312137 30 302 0
5312187 33 290 0
5312255 1 8 0
5312305 1 12 0
5312355 0 0 0
5312405 27 159 0
5312455 0 0 0
5312505 0 0 0
5312555 0 0 0
5312605 0 0 0
5312655 3 43 0
5312705 0 0 0
5312767 0 0 0
5312817 0 0 0
5312867 0 0 0
5312917 0 0 0
5312967 0 0 0
5313017 0 0 0
5313067 0 0 0
5313117 0 0 0
5313167 0 0 0
5313217 0 0 0
5313267 0 0 0
5313317 0 0 0
5313367 0 0 0
5313417 0 0 0
5313468 0 0 0
5313518 0 0 0
5313568 0 0 0
5313618 0 0 0
5313676 0 0 0
5313726 0 0 0
5313779 13 52 0
5313829 3 6 0
5313879 0 0 0
5313929 23 120 0
5313979 26 206 0
5314029 5 22 0
5314079 0 0 0
5314129 20 117 0
5314179 20 129 1
5314229 1 0 0
5314279 0 3 0
5314329 24 90 0
5314379 20 112 0
5314429 29 121 0
5314480 13 58 0
5314530 0 0 0
5314580 19 187 0
5314630 5 24 0
5314680 0 0 0
5314730 0 0 0
5314780 0 0 0
5314830 2 5 0
5314880 28 144 0
5314930 0 0 0
5314980 0 0 0
5315030 1 0 0
5315080 0 0 0
5315130 0 0 0
5315180 0 0 0
5315230 0 0 0
5315280 6 36 0
5315330 8 54 0
5315380 0 0 0
5315430 13 43 0
5315480 0 0 0
5315530 0 0 0
5315580 0 0 0
5315630 0 0 0
5315680 0 0 0
5315730 0 0 0
5315780 0 0 0
5315830 0 0 0
5315880 0 0 0
5315930 0 0 0
5315980 0 0 0
5316030 0 0 0
5316080 0 0 0
5316130 0 0 0
5316180 0 0 0
5316230 0 0 0
5316280 0 0 0
5316330 0 0 0
5316380 0 0 0
5316430 0 0 0
5316480 11 56 0
5316530 1 21 0
5316580 0 0 0
5316630 0 0 0
5316680 0 0 0
5316730 27 156 0
5316794 15 71 0
5316844 0 0 0
5316894 25 155 0
5316944 44 184 0
5316995 12 65 0
5317048 0 0 0
5317098 7 55 0
5317148 37 169 0
5317198 0 0 0
5317248 0 0 0
5317298 30 164 1
5317348 31 145 0
5317398 16 58 0
5317448 0 0 0
5317498 10 59 0
5317548 23 123 0
5317598 0 0 0
5317648 0 0 0
5317698 0 0 0
5317748 0 0 0
5317798 0 0 0
5317848 0 0 0
5317898 0 0 0
5317948 0 0 0
5317998 0 0 0
5318048 0 0 0
5318098 0 0 0
5318148 0 0 0
5318198 0 0 0
5318248 0 0 0
5318298 0 0 0
5318348 0 0 0
5318398 0 0 0
5318448 0 0 0
5318498 0 0 0
5318548 3 10 0
5318598 0 0 0
5318652 0 0 0
5318702 0 0 0
5318752 3 1 0
5318802 36 99 0
5318852 6 16 0
5318902 0 0 0
5318952 0 0 0
5319002 0 0 0
5319052 41 73 0
5319102 45 90 1
5319153 11 21 0
5319203 23 33 0
5319253 44 60 0
5319303 34 35 0
5319353 47 46 0
5319403 42 43 0
5319453 49 48 0
5319503 44 35 0
5319553 37 60 1
5319603 47 57 1
5319653 50 60 1
5319703 46 66 0
5319753 19 24 0
5319803 42 58 1
5319853 48 65 0
5319903 44 51 0
5319954 0 0 0
5320004 0 0 0
5320054 0 0 0
5320104 0 0 0
5320154 0 0 0
5320204 0 0 0
5320254 0 0 0
5320305 0 0 0
5320355 0 0 0
5320405 0 0 0
5320455 0 0 0
5320505 0 0 0
5320555 0 0 0
5320605 0 0 0
5320655 0 0 0
5320705 0 0 0
5320755 0 0 0
5320805 0 0 0
5320855 0 0 0
5320905 5 6 0
5320955 49 67 0
5321005 49 66 1
5321055 47 76 0
5321105 52 67 0
5321155 47 39 0
5321205 51 40 0
5321255 47 59 1
5321305 50 55 0
5321355 43 37 0
5321405 43 69 0
5321455 46 57 0
5321505 52 72 1
5321555 52 53 0
5321605 53 100 0
5321655 56 74 0
5321705 52 60 0
5321755 42 51 0
5321805 6 11 0
5321855 47 72 0
5321905 53 100 0
5321955 51 74 0
5322005 55 101 0
5322055 53 86 1
5322105 51 71 0
5322155 49 66 1
5322205 43 44 0
5322255 52 83 0
5322305 42 68 0
5322355 55 96 0
5322405 57 101 1
5322455 53 89 0
5322505 50 72 0
5322555 57 133 0
5322605 59 110 0
5322655 64 133 0
5322705 65 100 2
5322755 54 134 1
5322805 50 90 0
5322855 55 118 1
5322905 61 100 0
5322955 60 127 0
5323005 53 108 0
5323055 58 150 1
5323105 54 126 0
5323155 57 161 0
5323205 66 149 1
5323255 55 114 0
5323305 55 130 0
5323355 49 129 0
5323405 65 169 0
5323455 61 180 0
5323505 45 104 0
5323555 54 117 1
5323605 56 163 0
5323655 57 132 1
5323705 59 108 0
5323755 62 118 1
5323805 59 116 0
5323855 54 114 1
5323905 62 158 1
5323955 64 141 1
5324005 61 111 0
5324055 55 110 0
5324105 64 128 1
5324155 55 121 1
5324205 62 134 0
5324255 56 120 0
5324305 60 136 0
5324355 61 117 0
5324405 57 99 0
5324455 51 124 0
5324505 30 70 0
5324555 36 79 0
5324605 16 33 1
5324655 30 76 0
5324705 54 143 0
5324755 1 4 0
5324806 0 0 0
5324856 44 93 2
5324906 62 152 1
5324956 43 75 0
5325006 56 122 0
5325056 56 111 0
5325106 12 21 0
5325156 0 0 0
5325206 0 0 0
5325256 0 0 0
5325306 0 0 0
5325356 0 0 0
5325406 0 0 0
5325456 0 0 0
5325506 0 0 0
5325556 0 0 0
5325606 0 0 0
5325656 0 0 0
5325706 0 0 0
5325756 0 0 0
5325806 0 0 0
5325856 0 0 0
5325906 0 0 0
5325956 0 0 0
5326006 0 0 0
5326056 0 0 0
5326106 44 95 0
5326156 57 109 0
5326206 34 90 0
5326256 49 112 1
5326306 45 100 0
5326356 56 126 0
5326406 42 89 0
5326456 58 117 0
5326506 51 109 0
5326556 62 122 1
5326606 44 118 1
5326656 49 110 1
5326706 34 62 1
5326756 43 69 1
5326822 8 16 0
5326872 37 99 0
5326922 50 117 0
5326972 50 108 1
5327022 44 75 0
5327072 39 79 0
5327122 53 164 0
5327172 44 86 0
5327222 58 144 0
5327272 38 81 0
5327322 60 102 0
5327372 53 109 0
5327422 50 104 1
5327482 58 108 0
5327532 47 132 0
5327582 54 142 0
5327632 20 31 0
5327682 52 133 1
5327732 54 137 0
5327785 47 111 0
5327835 22 56 0
5327885 40 72 0
5327939 8 35 0
5327989 33 61 0
5328039 34 59 0
5328089 1 11 0
5328139 28 54 1
5328189 35 56 1
5328239 8 13 0
5328289 9 12 0
5328339 58 82 0
5328398 41 66 0
5328448 1 0 0
5328498 31 21 0
5328548 47 77 2
5328598 53 54 1
5328648 16 37 0
5328698 0 0 0
5328748 27 31 0
5328798 53 53 0
5328848 52 90 0
5328898 59 77 0
5328948 53 103 0
5328998 47 65 0
5329048 54 103 0
5329098 64 124 0
5329148 54 100 1
5329198 57 87 0
5329248 40 43 0
5329298 62 96 0
5329348 47 76 0
5329398 50 62 0
5329448 62 137 0
5329498 27 28 0
5329548 44 54 1
5329598 48 63 0
5329648 52 56 0
5329698 60 68 0
5329748 48 61 0
5329798 51 57 0
5329848 56 58 1
5329898 59 77 0
5329948 49 60 0
5329998 58 51 0
5330048 57 67 0
5330098 59 82 0
5330148 52 49 0
5330198 49 71 1
5330248 53 46 0
5330298 59 72 0
5330348 33 51 0
5330398 0 0 0
5330448 0 0 0
5330498 0 0 0
5330548 0 0 0
5330598 0 0 0
5330648 0 0 0
5330698 0 0 0
5330748 0 0 0
5330798 0 0 0
5330848 0 0 0
5330898 0 0 0
5330948 0 0 0
5330998 0 0 0
5331048 0 0 0
5331098 0 0 0
5331148 0 0 0
5331198 0 0 0
5331248 0 0 0
5331298 0 0 0
5331348 15 20 0
5331398 56 75 0
5331448 59 59 0
5331498 55 62 0
5331548 51 71 0
5331599 58 92 1
5331649 48 49 0
5331700 62 84 0
5331750 50 60 0
5331805 11 11 0
5331855 53 63 1
5331905 67 84 1
5331955 69 79 0
5332006 48 54 0
5332056 65 97 2
5332107 65 85 0
5332157 58 74 1
5332208 59 80 0
5332258 51 80 0
5332308 61 94 0
5332358 48 77 0
5332408 72 81 0
5332458 61 77 1
5332509 61 114 0
5332559 59 83 0
5332609 63 89 0
5332660 57 62 0
5332710 60 76 1
5332760 62 93 2
5332811 62 76 0
5332861 69 118 1
5332911 73 103 0
5332961 70 107 0
5333011 55 100 1
5333061 50 56 1
5333114 69 105 0
5333164 40 77 1
5333214 44 41 0
5333264 16 10 0
5333314 31 35 1
5333364 57 32 0
5333414 68 55 0
5333464 57 46 0
5333514 28 19 0
5333564 37 31 0
5333614 61 54 0
5333666 18 11 0
5333716 53 43 0
5333766 56 36 0
5333816 56 36 0
5333866 60 59 0
5333916 71 59 0
5333966 55 44 1
5334016 51 55 1
5334066 50 31 0
5334116 57 59 0
5334166 57 57 2
5334216 54 51 1
5334266 60 62 2
5334316 44 42 0
5334366 48 47 0
5334416 39 51 0
5334466 50 47 0
5334516 50 61 1
5334566 45 39 0
5334616 23 29 1
5334666 27 25 0
5334716 16 24 0
5334766 41 32 0
5334816 47 45 0
5334866 53 54 0
5334917 59 51 2
5334967 48 40 1
5335017 57 68 0
5335067 34 27 0
5335117 31 27 0
5335167 0 0 0
5335217 0 0 0
5335268 0 0 0
5335318 0 0 0
5335368 0 0 0
5335418 0 0 0
5335468 0 0 0
5335518 0 0 0
5335568 0 0 0
5335618 0 0 0
5335668 0 0 0
5335718 0 0 0
5335768 0 0 0
5335818 0 0 0
5335868 0 0 0
5335918 0 0 0
5335968 0 0 0
5336019 0 0 0
5336069 0 0 0
5336119 19 6 0
5336169 51 31 2
5336219 51 38 0
5336269 54 47 0
5336319 67 56 0
5336369 61 36 0
5336420 30 21 0
5336470 66 71 0
5336520 62 73 1
5336570 51 46 0
5336620 57 69 0
5336670 59 65 1
5336725 50 50 0
5336775 19 19 0
5336827 47 67 1
5336877 41 29 0
5336927 61 64 0
5336977 57 50 0
5337027 69 97 1
5337077 48 55 1
5337127 61 76 0
5337177 41 39 0
5337227 54 68 0
5337277 43 54 0
5337327 51 65 0
5337377 44 61 0
5337427 51 69 1
5337477 58 51 0
5337527 46 27 0
5337577 50 91 1
5337627 44 73 0
5337677 51 79 0
5337727 44 56 0
5337777 46 73 1
5337827 52 64 0
5337877 44 62 0
5337927 7 7 0
5337977 8 8 0
5338027 38 41 1
5338077 28 19 1
5338127 19 13 0
5338177 17 9 0
5338227 54 30 0
5338277 50 32 0
5338327 46 40 0
5338377 51 63 0
5338427 60 47 0
5338477 58 48 1
5338527 52 54 0
5338577 51 37 0
5338627 50 24 0
5338677 49 30 1
5338727 58 70 0
5338777 50 32 0
5338827 47 44 0
5338877 56 49 0
5338927 49 43 1
5338977 63 55 0
5339027 50 44 1
5339077 61 68 0
5339127 12 17 0
5339177 17 15 0
5339227 63 60 1
5339311 27 19 0
5339361 18 9 0
5339411 56 38 1
5339461 52 59 1
5339511 47 26 0
5339561 45 26 0
5339611 43 36 0
5339661 48 32 0
5339711 49 50 0
5339761 49 41 0
5339811 54 41 0
5339861 49 45 0
5339911 46 57 0
5339961 56 47 0
5340011 44 39 0
5340062 58 50 0
5340112 56 67 0
5340162 53 72 0
5340212 60 67 0
5340262 46 54 0
5340312 38 42 0
5340362 55 50 0
5340412 40 42 1
5340462 62 57 0
5340512 48 61 0
5340562 56 73 0
5340612 43 31 0
5340662 51 56 0
5340712 15 20 0
5340762 0 0 0
5340812 0 0 0
5340862 0 0 0
5340912 0 0 0
5340962 0 0 0
5341012 0 0 0
5341062 0 0 0
5341112 0 0 0
5341162 0 0 0
5341212 0 0 0
5341262 0 0 0
5341312 0 0 0
5341362 0 0 0
5341412 0 0 0
5341462 0 0 0
5341512 0 0 0
5341562 0 0 0
5341612 0 0 0
5341662 0 0 0
5341712 33 23 0
5341762 41 28 0
5341812 45 40 0
5341862 52 42 0
5341912 45 43 0
5341962 48 32 0
5342012 38 30 0
5342062 51 53 0
5342112 36 41 0
5342162 49 35 0
5342212 59 31 0
5342262 36 37 0
5342312 57 54 0
5342362 33 28 0
5342412 54 41 0
5342464 51 42 1
5342514 21 16 0
5342564 54 62 0
5342614 44 25 0
5342664 48 39 1
5342714 57 44 0
5342764 51 20 0
5342814 50 26 1
5342864 42 29 0
5342914 44 19 0
5342964 55 23 0
5343014 56 28 0
5343064 62 43 0
5343115 64 46 0
5343165 39 27 0
5343215 58 53 0
5343265 46 33 0
5343315 55 39 1
5343365 36 28 0
5343415 60 35 1
5343465 61 40 0
5343515 62 50 0
5343565 41 26 0
5343615 54 30 1
5343665 59 45 1
5343715 36 18 0
5343765 53 43 0
5343815 54 35 0
5343865 55 43 0
5343915 44 39 0
5343965 68 65 1
5344015 54 44 0
5344065 61 54 0
5344115 56 49 0
5344165 59 48 0
5344215 41 29 0
5344265 63 79 1
5344315 54 45 0
5344365 55 36 0
5344418 51 50 0
5344468 51 49 0
5344518 67 68 1
5344568 39 28 0
5344618 64 63 0
5344668 39 33 1
5344718 59 65 1
5344768 38 40 0
5344818 36 33 0
5344868 60 39 0
5344918 24 19 0
5344968 57 63 1
5345018 52 52 0
5345068 58 59 1
5345119 55 44 0
5345169 53 47 0
5345219 44 50 0
5345269 30 16 0
5345319 60 83 0
5345369 32 43 1
5345419 11 21 0
5345469 61 60 1
5345519 64 55 1
5345569 59 66 0
5345619 62 71 0
5345669 19 32 0
5345719 53 67 1
5345769 60 70 0
5345819 58 79 0
5345869 59 76 0
5345919 62 68 0
5345969 55 70 1
5346019 49 48 0
5346069 22 21 0
5346119 25 33 0
5346171 32 34 0
5346221 9 11 0
5346271 10 16 0
5346321 13 10 0
5346373 0 0 0
5346423 0 0 0
5346473 0 0 0
5346523 0 0 0
5346573 0 0 0
5346623 0 0 0
5346673 0 0 0
5346723 0 0 0
5346773 0 0 0
5346823 0 0 0
5346873 0 0 0
5346923 0 0 0
5346973 0 0 0
5347023 0 0 0
5347073 0 0 0
5347123 0 0 0
5347173 0 0 0
5347223 0 0 0
5347273 0 0 0
5347323 28 24 0
5347373 49 39 0
5347423 56 32 0
5347473 47 50 2
5347523 52 38 0
5347573 56 41 0
5347623 49 22 0
5347673 46 27 0
5347746 17 7 0
5347796 1 0 3
5347847 1 2 13
5347934 1 1 0
5347984 9 3 12
5348035 6 2 16
5348086 13 9 20
5348137 11 12 22
5348187 31 17 13
5348237 48 33 3
5348287 54 56 1
5348337 50 35 0
5348387 55 32 0
5348437 42 19 0
5348487 61 47 1
5348537 50 40 2
5348587 53 48 0
5348952 23 16 0
5349003 3 5 8
5349053 14 7 15
5349103 30 20 9
5349154 38 38 6
5349204 44 44 0
5349254 50 47 0
5349304 38 36 0
5349354 62 66 2
5349404 50 65 0
5349454 43 41 0
5349504 66 55 0
5349554 52 39 0
5349604 54 38 0
5349654 47 61 0
5349704 50 46 1
5349754 39 38 0
5349804 62 51 1
5349854 15 12 5
5349934 1 0 2
5349984 45 30 6
5350034 52 60 1
5350084 41 44 0
5350134 45 55 0
5350184 55 62 0
5350234 49 44 0
5350284 34 33 1
5350334 54 76 0
5350386 50 42 0
5350436 56 64 0
5350487 45 46 0
5350537 57 84 0
5350589 38 53 1
5350639 11 15 0
5350690 34 38 1
5350742 16 11 0
5350792 14 10 0
5350843 25 17 3
5350964 9 2 2
5351014 19 5 1
5351064 23 22 2
5351114 48 40 2
5351164 64 43 0
5351224 9 5 0
5351274 25 12 0
5351324 51 28 1
5351375 59 23 1
5351425 35 22 0
5351475 35 24 0
5351525 35 29 1
5351575 53 32 1
5351625 57 51 0
5351675 48 30 0
5351725 59 37 0
5351775 16 8 0
5351825 0 0 0
5351943 0 0 0
5351993 30 10 0
5352043 44 23 0
5352093 38 21 0
5352143 20 18 0
5352193 55 28 0
5352243 50 22 0
5352293 57 31 0
5352343 51 25 1
5352393 52 31 0
5352443 56 32 1
5352493 39 12 0
5352543 47 29 0
5352593 41 21 0
5352643 51 30 1
5352693 55 35 0
5352743 55 26 0
5352793 40 30 0
5352843 58 31 0
5352947 27 22 0
5352997 28 19 0
5353047 55 35 0
5353097 53 30 0
5353147 56 32 0
5353197 58 40 0
5353247 47 40 0
5353297 54 32 0
5353347 54 43 0
5353397 24 6 0
5353447 36 38 0
5353497 63 38 0
5353547 42 35 0
5353598 23 25 0
5353648 12 8 0
5353698 35 30 0
5353748 32 22 0
5353798 28 22 0
5353849 22 10 1
5353952 1 0 0
5354002 51 24 0
5354085 53 15 0
5354135 28 9 0
5354185 53 19 1
5354235 44 28 0
5354285 47 18 0
5354335 36 12 0
5354385 39 13 1
5354435 0 0 0
5354485 0 0 0
5354535 0 0 0
5354585 0 0 0
5354635 0 0 0
5354685 0 0 0
5354735 0 0 0
5354785 0 0 0
5354835 0 0 0
5354907 0 0 0
5354957 0 0 0
5355007 0 0 0
5355057 0 0 0
5355107 0 0 0
5355157 0 0 0
5355207 0 0 0
5355257 0 0 0
5355307 0 0 0
5355357 0 0 0
5355407 34 13 0
5355457 52 28 1
5355507 57 29 0
5355557 17 4 0
5355607 59 30 0
5355657 57 34 1
5355707 57 17 0
5355757 60 42 1
5355807 58 22 0
5355857 56 28 0
5355907 64 33 0
5355957 63 35 0
5356007 49 20 0
5356057 28 8 0
5356107 25 12 0
5356157 31 18 0
5356207 31 8 0
5356258 4 2 0
5356311 5 2 0
5356361 44 24 0
5356413 49 35 0
5356463 26 9 0
5356513 54 30 0
5356563 54 29 0
5356613 49 22 0
5356663 55 26 0
5356713 57 46 0
5356763 56 31 1
5356813 54 28 1
5356863 43 24 0
5356913 33 29 0
5356963 49 24 0
5357013 59 24 0
5357063 47 32 0
5357113 58 36 3
5357163 55 39 1
5357213 54 43 0
5357263 53 48 0
5357313 52 40 0
5357363 51 44 0
5357413 60 42 0
5357463 43 33 0
5357513 58 36 1
5357563 39 20 0
5357613 59 34 0
5357663 49 40 0
5357713 56 42 1
5357765 51 40 0
5357815 36 28 0
5357865 53 37 0
5357915 29 27 0
5357965 53 41 0
5358015 39 35 0
5358065 30 23 0
5358115 51 57 0
5358165 54 49 0
5358215 54 35 0
5358265 51 46 0
5358315 48 38 0
5358365 28 13 0
5358415 44 46 0
5358465 56 51 0
5358515 8 1 0
5358565 56 35 0
5358615 54 43 0
5358665 48 31 0
5358715 59 38 0
5358765 37 38 0
5358815 48 48 0
5358865 46 43 0
5358915 44 40 0
5358965 52 46 1
5359015 51 59 1
5359065 52 62 0
5359115 38 35 0
5359165 53 50 1
5359215 55 57 0
5359265 52 53 1
5359315 12 10 0
5359365 24 16 0
5359415 57 58 0
5359466 20 24 0
5359516 48 31 0
5359566 52 42 0
5359616 47 58 0
5359666 55 46 0
5359716 55 49 0
5359766 51 47 0
5359816 44 37 0
5359866 56 45 0
5359916 57 61 1
5359966 57 34 0
5360016 46 38 1
5360066 65 63 0
5360116 40 39 0
5360166 62 44 0
5360216 45 46 1
5360266 56 45 0
5360316 31 24 0
5360366 62 59 0
5360416 53 33 0
5360466 58 38 1
5360542 38 21 0
5360592 50 49 0
5360642 62 70 0
5360696 34 27 0
5360746 0 0 0
5360796 0 0 0
5360846 0 0 0
5360896 0 0 0
5360946 0 0 0
5360996 0 0 0
5361046 0 0 0
5361096 0 0 0
5361146 0 0 0
5361196 0 0 0
5361246 0 0 0
5361296 0 0 0
5361346 0 0 0
5361396 0 0 0
5361446 0 0 0
5361496 0 0 0
5361546 0 0 0
5361596 0 0 0
5361646 0 0 0
5361696 18 15 0
5361746 45 33 0
5361796 48 35 0
5361846 49 39 0
5361896 45 25 0
5361946 41 28 0
5361996 45 24 0
5362046 44 33 0
5362096 47 35 0
5362146 48 33 0
5362196 49 29 0
5362246 48 43 0
5362296 41 27 0
5362346 39 23 0
5362396 49 47 0
5362446 46 51 0
5362496 28 14 0
5362546 43 43 0
5362596 32 29 0
5362646 25 17 0
5362696 55 42 0
5362746 54 65 0
5362796 44 40 1
5362846 34 16 0
5362896 44 69 0
5362946 36 46 0
5362996 35 42 0
5363046 46 51 0
5363096 28 20 0
5363146 45 38 0
5363196 33 26 0
5363246 51 57 0
5363300 35 27 0
5363350 35 31 1
5363400 49 44 0
5363450 50 53 0
5363500 43 33 1
5363550 32 31 0
5363600 49 43 0
5363650 49 51 0
5363700 47 58 0
5363750 37 51 1
5363800 47 63 0
5363850 48 48 0
5363902 29 37 0
5363952 21 24 0
5364002 29 45 1
5364052 23 20 0
5364102 29 18 0
5364152 17 11 0
5364202 10 4 0
5364252 48 29 1
5364302 31 16 0
5364352 45 25 0
5364402 48 26 0
5364452 46 26 1
5364502 48 26 1
5364552 47 32 0
5364602 50 25 0
5364652 48 29 0
5364702 55 58 0
5364752 69 48 0
5364802 65 55 1
5364852 64 34 0
5364902 58 42 0
5364952 65 48 0
5365002 67 55 0
5365052 43 44 0
5365132 42 39 0
5365182 45 24 0
5365232 54 35 0
5365282 47 21 0
5365332 43 28 0
5365382 15 13 0
5365432 0 0 0
5365482 26 18 0
5365532 26 8 1
5365582 39 31 0
5365632 50 27 0
5365682 48 29 0
5365732 58 33 0
5365782 57 55 0
5365832 57 43 0
5365882 51 28 0
5365932 51 35 0
5365982 47 36 0
5366032 42 33 0
5366082 42 31 0
5366132 58 46 0
5366182 53 44 0
5366232 57 33 0
5366282 63 46 0
5366332 53 31 0
5366382 50 37 0
5366432 26 18 0
5366482 55 49 1
5366532 52 60 0
5366582 61 49 1
5366632 52 40 0
5366682 55 35 0
5366732 63 57 0
5366782 59 36 1
5366832 64 53 0
5366882 58 57 1
5366932 59 45 0
5366982 60 40 0
5367032 61 46 0
5367082 52 38 0
5367132 66 41 0
5367182 64 58 0
5367232 27 23 0
5367282 62 68 1
5367332 65 51 1
5367382 54 56 0
5367432 38 26 0
5367482 0 0 0
5367532 0 0 0
5367582 0 0 0
5367632 0 0 0
5367682 0 0 0
5367732 0 0 0
5367782 0 0 0
5367832 0 0 0
5367882 0 0 0
5367932 0 0 0
5367982 0 0 0
5368032 0 0 0
5368082 0 0 0
5368132 0 0 0
5368182 0 0 0
5368232 0 0 0
5368282 0 0 0
5368332 0 0 0
5368382 0 0 0
5368432 19 25 0
5368482 48 39 1
5368532 50 27 0
5368582 49 33 0
5368632 55 46 0
5368682 54 37 0
5368732 48 40 0
5368782 53 35 0
5368832 50 31 0
5368882 53 34 0
5368932 47 29 0
5368982 60 41 1
5369032 40 18 0
5369082 56 51 1
5369132 46 40 0
5369182 49 28 0
5369232 46 30 0
5369282 50 26 0
5369332 57 46 0
5369382 39 32 0
5369432 35 23 0
5369482 29 15 0
5369532 54 33 0
5369582 35 22 0
5369632 46 35 1
5369682 39 23 0
5369732 58 45 0
5369782 34 30 0
5369832 48 35 0
5369882 58 43 0
5369932 56 38 0
5369982 50 47 0
5370032 44 27 0
5370082 66 42 1
5370132 48 29 0
5370182 59 43 0
5370232 64 38 0
5370282 59 24 1
5370332 53 38 1
5370382 56 33 1
5370432 54 25 0
5370482 59 31 0
5370535 32 15 0
5370585 49 45 0
5370635 60 30 0
5370685 61 45 0
5370735 56 42 0
5370785 35 24 0
5370835 55 46 1
5370885 52 29 0
5370935 61 50 0
5370985 42 42 0
5371035 59 47 1
5371085 44 37 0
5371135 50 41 0
5371185 38 27 0
5371235 61 45 1
5371285 64 47 0
5371335 63 59 1
5371385 65 57 0
5371435 59 59 1
5371485 49 40 0
5371535 51 63 0
5371585 51 55 0
5371635 56 53 0
5371692 39 29 0
5371742 42 29 0
5371792 54 39 2
5371842 53 58 0
5371892 58 69 1
5371942 59 41 0
5371992 30 26 0
5372042 27 17 0
5372093 13 8 0
5372144 34 31 0
5372195 24 18 1
5372245 11 6 0
5372295 28 11 0
5372345 40 13 0
5372395 38 14 0
5372445 25 12 0
5372508 15 11 0
5372558 3 2 0
5372608 52 31 1
5372658 57 26 1
5372708 53 30 0
5372775 56 37 0
5372825 14 13 0
5372875 51 36 0
5372925 59 42 1
5372975 69 39 0
5373025 57 44 0
5373075 56 46 0
5373125 57 31 0
5373175 63 33 1
5373225 57 38 0
5373275 59 46 0
5373325 71 43 1
5373375 54 45 1
5373425 60 50 0
5373475 61 51 0
5373525 42 23 0
5373575 58 46 0
5373625 65 46 0
5373675 47 32 0
5373725 54 25 0
5373775 12 3 0
5373825 0 0 0
5373875 0 0 0
5373925 0 0 0
5373975 0 0 0
5374025 0 0 0
5374075 0 0 0
5374125 0 0 0
5374175 0 0 0
5374225 0 0 0
5374275 0 0 0
5374325 0 0 0
5374375 0 0 0
5374425 0 0 0
5374475 0 0 0
5374525 0 0 0
5374575 0 0 0
5374625 0 0 0
5374675 0 0 0
5374725 0 0 0
5374775 43 28 1
5374825 54 35 0
5374875 46 16 0
5374925 51 35 0
5374975 49 29 0
5375025 55 41 0
5375075 52 27 0
5375125 57 38 0
5375175 57 44 0
5375225 58 32 0
5375275 59 39 1
5375325 62 28 0
5375375 49 35 0
5375425 62 37 0
5375475 58 30 0
5375525 44 21 0
5375575 39 11 0
5375625 66 32 0
5375675 31 16 0
5375725 25 17 0
5375775 54 29 1
5375825 52 30 0
5375875 45 26 1
5375947 11 14 0
5375997 41 19 0
5376047 57 32 0
5376097 29 15 0
5376147 60 33 0
5376197 56 28 1
5376247 46 25 0
5376297 60 26 0
5376347 34 16 0
5376397 56 45 1
5376447 29 13 1
5376497 39 19 0
5376547 51 23 0
5376597 61 32 1
5376647 55 27 0
5376697 55 31 0
5376747 46 34 1
5376797 68 29 0
5376847 49 32 1
5376897 59 50 1
5376947 37 32 0
5376997 61 35 0
5377047 60 24 1
5377097 55 32 0
5377147 63 24 1
5377197 52 24 0
5377247 37 15 0
5377297 64 47 0
5377347 60 44 0
5377397 33 17 0
5377447 65 50 0
5377497 41 19 0
5377547 64 45 0
5377597 65 26 0
5377648 54 50 0
5377698 38 13 0
5377748 54 25 1
5377798 60 39 0
5377848 63 52 0
5377898 59 32 0
5377948 63 46 0
5377998 51 35 0
5378048 59 50 0
5378099 70 62 1
5378149 62 41 0
5378199 55 36 0
5378249 68 35 1
5378300 75 45 0
5378350 63 34 0
5378400 72 48 0
5378450 59 48 0
5378501 76 67 0
5378551 65 41 1
5378601 32 26 0
5378651 29 18 0
5378701 36 34 0
5378751 29 24 0
5378801 30 28 1
5378860 24 22 0
5378910 7 8 0
5378960 30 18 0
5379032 22 23 0
5379083 20 12 0
5379133 44 33 0
5379184 34 36 0
5379243 1 2 0
5379293 30 26 0
5379343 51 46 0
5379393 46 61 0
5379443 58 39 1
5379493 40 37 0
5379543 24 22 0
5379598 6 10 0
5379648 0 0 0
5379698 42 44 0
5379748 48 33 0
5379798 49 32 0
5379848 44 38 1
5379898 7 4 0
5379948 3 2 0
5379998 44 26 0
5380073 42 24 0
5380123 10 9 0
5380173 54 43 1
5380223 48 32 0
5380273 30 21 0
5380323 0 0 0
5380373 0 0 0
5380423 0 0 0
5380473 0 0 0
5380523 0 0 0
5380573 0 0 0
5380623 0 0 0
5380673 0 0 0
5380723 0 0 0
5380773 0 0 0
5380823 0 0 0
5380873 0 0 0
5380923 0 0 0
5380973 0 0 0
5381023 0 0 0
5381073 0 0 0
5381123 0 0 0
5381173 0 0 0
5381223 0 0 0
5381273 3 2 0
5381323 42 25 0
5381373 43 29 0
5381423 49 58 1
5381473 38 32 0
5381523 49 30 0
5381573 50 46 0
5381623 43 33 0
5381673 41 39 0
5381723 43 24 0
5381774 42 33 0
5381824 16 11 0
5381874 18 17 0
5381924 31 21 0
5381974 43 40 0
5382024 40 29 0
5382074 35 14 0
5382124 37 24 0
5382174 17 10 1
5382224 27 12 0
5382274 18 6 0
5382324 30 22 0
5382374 37 21 0
5382428 28 16 0
5382478 30 8 0
5382528 11 8 0
5382578 22 14 0
5382628 16 24 0
5382678 31 24 0
5382728 31 37 1
5382778 29 26 0
5382828 36 20 0
5382878 34 18 0
5382928 36 32 0
5382978 29 20 0
5383028 35 23 0
5383078 54 40 1
5383128 43 24 0
5383178 48 31 0
5383228 47 45 1
5383278 49 29 0
5383328 48 49 0
5383378 22 9 0
5383428 30 26 1
5383478 45 30 0
5383528 44 39 0
5383578 41 23 0
5383628 40 30 1
5383678 50 41 0
5383728 47 29 0
5383778 49 37 0
5383831 54 48 0
5383881 47 40 0
5383931 47 38 0
5383981 41 43 0
5384031 41 32 0
5384081 44 40 0
5384131 52 44 0
5384181 41 34 0
5384231 51 49 2
5384281 54 44 0
5384331 53 23 0
5384381 39 30 0
5384431 53 36 0
5384481 38 34 1
5384532 24 15 0
5384584 38 35 0
5384634 52 41 0
5384684 52 24 0
5384734 44 41 1
5384784 54 54 0
5384834 47 43 1
5384884 45 55 0
5384934 34 19 0
5384984 51 48 0
5385034 42 47 0
5385084 55 54 0
5385134 55 54 1
5385184 59 60 1
5385234 43 35 0
5385284 22 21 0
5385334 39 40 0
5385384 61 64 0
5385434 53 45 0
5385484 55 47 0
5385534 24 30 1
5385584 41 36 1
5385634 52 36 3
5385684 49 42 0
5385734 44 32 0
5385784 34 21 0
5385834 58 63 1
5385884 33 43 0
5385934 56 65 1
5385984 41 38 0
5386034 15 16 1
5386084 31 28 0
5386134 51 33 0
5386184 62 75 1
5386235 47 28 0
5386285 38 45 0
5386335 54 44 0
5386385 41 42 0
5386435 58 67 2
5386485 54 39 1
5386535 51 65 1
5386585 57 51 0
5386635 62 53 0
5386685 65 70 0
5386735 67 59 0
5386785 41 53 0
5386835 31 22 0
5386885 38 22 0
5386935 53 70 0
5386988 37 34 0
5387038 0 0 0
5387088 0 0 0
5387138 0 0 0
5387188 0 0 0
5387238 0 0 0
5387288 0 0 0
5387338 0 0 0
5387388 0 0 0
5387438 0 0 0
5387488 0 0 0
5387538 0 0 0
5387588 0 0 0
5387638 0 0 0
5387688 0 0 0
5387738 0 0 0
5387788 0 0 0
5387838 0 0 0
5387888 0 0 0
5387938 0 0 0
5387988 2 4 0
5388038 28 16 0
5388088 48 11 0
5388138 50 22 0
5388188 48 34 0
5388238 50 36 0
5388288 42 20 0
5388338 46 32 0
5388388 47 36 0
5388438 40 29 1
5388488 46 50 2
5388538 37 33 0
5388588 38 26 1
5388638 52 28 0
5388688 42 37 0
5388738 27 20 0
5388788 17 11 0
5388838 45 40 1
5388888 46 29 0
5388938 50 31 0
5388988 45 36 0
5389038 30 35 2
5389088 45 58 0
5389138 26 12 1
5389188 47 48 0
5389238 40 46 0
5389288 39 32 0
5389340 44 56 1
5389390 46 56 0
5389440 49 32 1
5389491 22 26 0
5389541 23 20 0
5389591 28 23 1
5389641 44 43 1
5389691 43 41 2
5389741 43 33 1
5389791 29 50 0
5389841 48 42 0
5389893 36 34 0
5389943 26 30 0
5390006 35 23 0
5390056 35 38 0
5390106 48 53 0
5390156 35 49 2
5390206 47 37 1
5390256 56 57 1
5390306 44 53 0
5390356 35 40 1
5390406 42 34 0
5390456 40 48 0
5390506 54 54 0
5390558 3 1 0
5390608 37 40 0
5390658 23 35 0
5390708 12 15 0
5390758 31 33 2
5390809 25 13 0
5390859 21 15 0
5390909 51 36 0
5390959 47 26 0
5391009 46 21 1
5391059 44 27 0
5391109 52 37 1
5391159 50 29 2
5391209 46 20 0
5391259 45 23 0
5391309 46 45 0
5391359 54 37 0
5391409 53 26 0
5391459 52 41 0
5391509 52 26 0
5391559 50 29 0
5391609 53 51 0
5391659 57 42 0
5391709 49 26 1
5391759 52 46 0
5391809 48 32 1
5391868 24 19 0
5391918 27 4 0
5391968 49 23 0
5392018 33 17 0
5392068 56 23 0
5392118 63 40 0
5392168 54 40 0
5392218 57 38 0
5392268 44 16 1
5392318 45 19 1
5392368 39 21 0
5392418 49 21 0
5392468 45 16 0
5392518 30 21 0
5392568 67 39 0
5392625 31 18 0
5392675 50 19 0
5392725 53 46 0
5392775 60 36 0
5392825 55 24 0
5392875 45 32 1
5392925 64 43 0
5392975 55 35 1
5393025 55 22 0
5393075 55 19 0
5393125 63 30 0
5393175 44 20 0
5393225 48 19 0
5393275 47 22 0
5393325 59 38 0
5393375 48 28 0
5393425 42 34 2
5393475 41 15 0
5393525 56 24 0
5393575 40 25 0
5393625 51 45 0
5393675 34 22 0
5393725 46 37 0
5393775 63 30 0
5393825 21 10 0
5393875 56 41 2
5393925 51 32 0
5393975 49 34 1
5394025 36 22 0
5394075 49 26 0
5394125 24 11 0
5394175 0 0 0
5394225 0 0 0
5394275 0 0 0
5394325 0 0 0
5394375 0 0 0
5394425 0 0 0
5394475 0 0 0
5394525 0 0 0
5394575 0 0 0
5394625 0 0 0
5394675 0 0 0
5394725 0 0 0
5394775 0 0 0
5394825 0 0 0
5394875 0 0 0
5394925 0 0 0
5394975 0 0 0
5395025 0 0 0
5395075 0 0 0
5395125 36 23 0
5395175 47 18 0
5395225 45 19 0
5395275 52 42 0
5395325 50 38 0
5395375 38 16 1
5395425 58 34 0
5395475 48 28 0
5395526 43 32 0
5395576 31 17 1
5395626 45 37 0
5395676 54 30 0
5395726 54 33 1
5395776 51 64 0
5395826 58 39 0
5395876 54 35 0
5395926 58 55 0
5395976 20 23 0
5396026 52 37 0
5396076 38 21 0
5396126 21 5 0
5396176 55 46 0
5396226 55 42 0
5396276 58 67 0
5396326 53 45 0
5396376 60 61 0
5396426 17 18 0
5396476 39 40 0
5396526 36 34 0
5396576 52 39 0
5396626 46 47 0
5396676 57 57 1
5396726 52 42 0
5396776 52 59 0
5396826 52 46 0
5396876 40 29 0
5396926 61 42 0
5396976 26 15 0
5397026 59 41 0
5397076 43 38 0
5397126 61 41 0
5397176 50 39 0
5397226 40 19 0
5397276 38 34 1
5397326 43 24 0
5397376 59 38 0
5397426 48 46 0
5397476 54 34 0
5397526 43 27 0
5397576 51 32 0
5397626 51 55 0
5397676 54 38 0
5397726 55 35 1
5397776 56 36 0
5397826 49 35 0
5397876 50 25 0
5397926 50 41 1
5397976 59 57 0
5398026 57 51 1
5398076 57 44 1
5398126 67 38 0
5398176 61 50 0
5398226 52 51 1
5398276 49 24 0
5398326 54 41 0
5398377 21 26 0
5398427 22 19 0
5398477 45 40 0
5398527 62 78 1
5398582 23 11 0
5398632 41 57 0
5398682 55 56 0
5398732 54 45 0
5398782 54 46 1
5398832 26 29 1
5398882 49 61 0
5398932 45 49 0
5398982 57 56 0
5399033 51 49 0
5399083 50 31 1
5399133 58 65 2
5399183 51 45 0
5399233 53 44 0
5399283 41 38 1
5399333 59 58 1
5399383 41 53 0
5399433 21 14 1
5399483 24 28 0
5399584 4 1 0
5399634 13 8 0
5399684 23 14 2
5399740 6 8 0
5399794 30 19 0
5399844 33 27 0
5399894 27 18 1
5399944 7 4 0
5399994 16 9 0
5400044 41 24 0
5400094 19 8 0
5400144 18 14 0
5400194 50 29 0
5400244 29 9 0
5400294 15 4 0
5400344 47 25 0
5400394 39 27 0
5400444 16 9 0
5400494 35 15 1
5400544 0 0 0
5400594 0 0 0
5400644 0 0 0
5400694 0 0 0
5400744 0 0 0
5400794 0 0 0
5400844 0 0 0
5400894 0 0 0
5400955 0 0 0
5401005 0 0 0
5401055 0 0 0
5401105 0 0 0
5401155 0 0 0
5401205 0 0 0
5401255 0 0 0
5401305 0 0 0
5401355 0 0 0
5401405 0 0 0
5401455 0 0 0
5401505 9 17 0
5401555 15 8 0
5401605 15 8 0
5401655 12 7 0
5401705 16 9 1
5401755 5 6 0
read 2317 profiled data
