4946052 0 5991 6
4946102 0 9051 4
4946152 0 13266 1
4946202 0 13380 11
4946252 0 744 2
4946302 0 0 0
4946352 0 0 0
4946402 0 0 0
4946452 0 0 0
4946502 0 0 0
4946552 0 0 0
4946602 0 0 0
4946652 0 0 0
4946702 0 0 0
4946752 0 0 0
4946802 0 0 0
4946852 0 0 0
4946902 0 0 0
4946952 0 0 0
4947002 0 0 0
4947052 0 0 0
4947102 0 0 0
4947152 0 0 0
4947202 0 0 0
4947252 0 12941 7
4947302 0 14305 4
4947352 0 920 0
4947402 0 0 0
4947452 0 0 0
4947502 0 0 0
4947552 0 0 0
4947602 0 0 0
4947652 0 0 0
4947702 0 0 0
4947752 0 0 0
4947802 0 0 0
4947852 0 0 0
4947902 0 0 0
4947952 0 0 0
4948002 0 0 0
4948052 0 0 0
4948102 0 0 0
4948152 0 0 0
4948202 0 0 0
4948252 0 0 0
4948302 0 0 0
4948353 0 5436 4
4948403 0 1553 2
4948453 0 1127 0
4948503 0 1356 0
4948553 0 2003 3
4948603 0 2338 1
4948657 0 1425 3
4948709 0 586 0
4948759 2 271 0
4948809 10 693 1
4948859 1 183 0
4948909 4 240 1
4948959 6 288 0
4949009 18 601 0
4949059 0 0 0
4949109 0 41 0
4949159 23 514 0
4949209 2 1 0
4949259 7 175 0
4949309 11 383 2
4949359 0 0 0
4949413 0 0 0
4949463 0 49 0
4949513 2 11 0
4949563 0 0 0
4949619 0 0 0
4949669 0 0 0
4949719 0 0 0
4949769 0 0 0
4949819 0 0 0
4949869 0 0 0
4949919 0 0 0
4949969 0 0 0
4950019 0 0 0
4950069 0 0 0
4950119 0 0 0
4950171 0 0 0
4950221 0 0 0
4950275 0 0 0
4950325 0 0 0
4950375 0 0 0
4950425 0 0 0
4950475 0 0 0
4950525 11 76 0
4950575 22 185 0
4950625 29 137 0
4950675 23 138 0
4950725 15 62 0
4950775 14 118 0
4950825 20 230 0
4950875 0 0 0
4950925 20 103 0
4950975 22 196 0
4951025 28 94 0
4951078 21 126 0
4951128 4 24 0
4951178 27 123 0
4951228 22 140 0
4951278 23 132 0
4951328 27 142 0
4951378 9 49 0
4951428 21 98 0
4951478 18 63 0
4951528 28 172 0
4951578 6 32 0
4951628 3 11 0
4951678 0 0 0
4951728 0 2 0
4951778 0 0 0
4951828 0 0 0
4951878 0 0 0
4951928 2 1 0
4951978 6 12 0
4952068 2 1 0
4952118 5 30 0
4952168 5 56 0
4952218 13 49 0
4952268 12 54 0
4952318 3 3 0
4952368 23 74 0
4952418 28 49 1
4952468 12 53 0
4952518 0 0 0
4952568 26 120 0
4952618 9 18 0
4952668 5 22 0
4952718 27 97 0
4952768 8 17 1
4952821 0 0 0
4952871 1 0 0
4952921 0 0 0
4952971 10 35 0
4953021 24 61 0
4953071 0 0 0
4953121 1 0 0
4953171 1 0 0
4953221 0 0 0
4953271 0 0 0
4953321 0 2 0
4953371 20 57 0
4953421 21 123 0
4953471 25 74 0
4953521 10 28 0
4953571 0 0 0
4953621 0 0 0
4953676 1 0 0
4953726 0 0 0
4953776 6 21 0
4953826 23 86 0
4953876 0 0 0
4953926 16 67 0
4953976 19 68 0
4954026 25 56 0
4954076 27 83 0
4954126 27 113 0
4954176 2 8 0
4954226 28 86 0
4954276 7 39 0
4954326 24 78 0
4954376 12 61 0
4954426 19 59 0
4954476 14 38 0
4954526 29 116 0
4954576 29 70 0
4954626 29 79 0
4954676 19 60 0
4954726 29 113 0
4954776 10 57 1
4954826 23 68 0
4954876 29 103 0
4954926 11 35 0
4954976 0 0 0
4955026 1 0 0
4955076 16 36 0
4955126 26 80 0
4955176 30 82 0
4955226 16 55 0
4955276 1 0 0
4955326 0 0 0
4955376 1 2 0
4955426 0 0 0
4955476 0 0 0
4955526 0 0 0
4955576 0 0 0
4955626 13 38 0
4955676 23 47 0
4955729 0 0 0
4955779 21 44 0
4955829 26 81 0
4955879 20 52 0
4955929 27 84 0
4955990 16 40 0
4956040 0 6 0
4956090 0 0 0
4956140 0 0 0
4956190 14 42 0
4956240 3 1 0
4956290 0 0 0
4956340 29 60 1
4956390 30 63 0
4956440 5 6 0
4956490 13 42 0
4956540 19 45 0
4956591 3 3 1
4956641 5 8 0
4956691 4 2 0
4956741 13 20 0
4956791 13 37 0
4956841 23 44 0
4956891 27 48 0
4956941 12 14 0
4956995 6 14 0
4957045 29 51 0
4957095 1 4 0
4957145 26 60 0
4957195 15 53 0
4957245 0 0 0
4957295 11 21 0
4957345 26 54 0
4957395 1 2 0
4957452 7 21 0
4957502 9 21 0
4957555 4 9 0
4957605 17 28 0
4957658 11 22 0
4957708 25 49 0
4957758 29 59 1
4957811 22 33 0
4957874 0 0 0
4957924 10 27 0
4957974 22 57 0
4958032 23 41 0
4958082 14 16 0
4958133 18 43 0
4958183 17 14 0
4958233 17 28 0
4958283 17 35 0
4958333 16 27 0
4958383 18 52 0
4958433 22 54 0
4958483 28 76 0
4958533 26 53 0
4958583 28 40 0
4958633 1 0 0
4958683 0 0 0
4958733 26 34 0
4958783 7 9 0
4958833 0 0 0
4958883 22 59 0
4958933 25 38 0
4958986 17 32 0
4959036 1 2 0
4959086 0 0 0
4959136 0 0 0
4959186 1 0 0
4959236 4 5 0
4959288 4 9 0
4959338 1 0 0
4959388 1 0 0
4959438 5 7 0
4959488 1 0 0
4959538 6 8 0
4959588 1 0 0
4959645 0 0 0
4959695 5 6 0
4959745 25 22 0
4959795 6 7 0
4959845 0 2 0
4959895 0 0 0
4959945 5 7 0
4959995 19 43 0
4960045 11 10 0
4960095 28 35 0
4960149 26 34 0
4960200 12 25 0
4960250 28 40 0
4960300 25 53 0
4960350 8 18 0
4960400 27 36 0
4960450 28 38 0
4960500 28 33 0
4960550 31 26 0
4960600 30 52 0
4960650 22 42 0
4960700 1 0 0
4960750 25 27 0
4960803 29 38 0
4960853 12 11 0
4960903 0 0 0
4960953 2 0 0
4961003 0 0 0
4961053 0 0 0
4961103 5 3 0
4961153 8 11 0
4961203 0 0 0
4961253 0 0 0
4961305 1 0 0
4961355 9 20 0
4961405 1 0 0
4961455 5 9 0
4961505 9 17 0
4961555 28 39 1
4961605 15 24 0
4961655 13 20 0
4961705 19 35 0
4961761 0 0 0
4961811 26 33 0
4961861 12 18 0
4961911 23 43 0
4961961 18 16 0
4962011 27 30 0
4962061 18 24 0
4962111 29 38 0
4962161 24 54 0
4962211 27 59 0
4962261 27 40 0
4962311 26 22 0
4962361 27 44 0
4962411 27 39 0
4962461 28 52 0
4962511 11 23 0
4962561 0 0 0
4962611 0 0 0
4962661 0 0 0
4962712 1 0 0
4962762 6 15 0
4962812 1 2 0
4962862 0 0 0
4962912 2 2 0
4962962 5 4 0
4963012 1 0 0
4963062 1 2 0
4963112 16 20 0
4963162 23 25 0
4963212 0 0 0
4963262 0 0 0
4963312 19 22 0
4963365 26 35 0
4963415 23 23 1
4963465 23 23 0
4963515 0 0 0
4963565 12 16 0
4963615 20 18 1
4963665 30 39 0
4963715 30 47 1
4963765 28 35 0
4963815 26 22 0
4963865 25 30 0
4963915 27 25 0
4963965 28 28 1
4964017 22 21 0
4964067 3 4 0
4964117 19 40 0
4964167 27 45 0
4964217 29 39 0
4964267 26 26 0
4964317 12 21 0
4964367 0 0 0
4964417 0 0 0
4964467 0 0 0
4964517 1 0 0
4964567 0 0 0
4964617 0 0 0
4964667 1 0 1
4964717 4 4 0
4964767 4 5 0
4964817 4 14 0
4964867 2 4 0
4964917 1 0 0
4964967 0 0 0
4965017 16 17 0
4965067 16 16 0
4965117 13 14 0
4965167 24 12 0
4965217 0 0 0
4965267 22 23 0
4965317 29 13 0
4965367 29 27 0
4965419 24 15 0
4965469 25 45 1
4965519 26 15 0
4965569 31 26 0
4965619 26 24 0
4965669 27 46 0
4965719 20 16 0
4965769 28 28 0
4965819 31 24 0
4965869 30 32 0
4965919 30 28 0
4965969 28 44 0
4966019 5 4 0
4966069 19 18 0
4966119 31 26 0
4966170 31 20 0
4966220 29 37 0
4966270 7 14 0
4966321 1 0 0
4966371 0 0 0
4966423 0 0 0
4966473 0 0 0
4966523 1 0 0
4966573 0 0 0
4966623 5 7 0
4966673 1 3 0
4966740 0 0 0
4966790 14 4 0
4966840 30 42 0
4966890 2 0 0
4966940 0 0 0
4966990 0 0 0
4967040 16 5 0
4967091 10 3 0
4967141 28 35 0
4967191 15 15 0
4967241 11 7 0
4967291 25 30 0
4967341 28 24 0
4967391 27 27 0
4967441 30 33 0
4967491 23 19 0
4967541 23 32 0
4967591 21 22 0
4967641 22 13 0
4967691 29 42 0
4967741 22 21 0
4967791 32 36 0
4967841 17 19 0
4967891 29 28 0
4967941 23 19 0
4967991 25 24 0
4968041 4 1 0
4968091 0 0 0
4968141 0 0 0
4968191 1 1 0
4968241 2 1 0
4968291 5 4 0
4968341 7 2 0
4968391 0 0 0
4968441 0 0 0
4968491 0 0 0
4968542 2 4 0
4968592 7 7 0
4968642 4 6 0
4968692 2 1 0
4968742 6 3 0
4968792 29 22 0
4968843 0 0 0
4968893 27 17 0
4968946 26 29 0
4968996 25 22 0
4969046 32 19 0
4969096 22 9 0
4969146 24 25 1
4969196 20 13 0
4969246 29 25 0
4969296 19 17 0
4969347 22 27 0
4969397 16 17 0
4969447 26 25 0
4969498 13 9 0
4969548 8 6 0
4969598 25 12 0
4969648 4 7 0
4969698 29 31 0
4969748 29 30 0
4969798 11 9 0
4969848 27 29 0
4969898 13 11 0
4969948 0 0 0
4969998 15 16 0
4970048 21 14 0
4970098 29 29 0
4970148 6 7 0
4970198 0 0 0
4970248 18 18 0
4970298 27 14 0
4970348 16 7 0
4970398 2 1 0
4970448 0 0 0
4970498 18 18 0
4970548 28 20 0
4970607 10 3 0
4970767 0 0 0
4970817 2 0 0
4970867 0 0 0
4970917 26 17 0
4970967 14 6 0
4971017 0 0 0
4971067 3 0 0
4971117 0 0 0
4971167 9 12 0
4971218 25 17 0
4971268 21 24 1
4971318 18 18 0
4971368 29 17 0
4971419 27 23 0
4971469 30 29 0
4971519 29 27 0
4971571 24 15 0
4971621 17 17 0
4971671 21 11 0
4971729 25 15 0
4971779 7 9 0
4971829 18 12 0
4971882 31 32 0
4971932 30 18 0
4971982 32 21 0
4972032 16 12 0
4972082 29 17 0
4972132 28 17 0
4972182 11 12 0
4972232 0 0 0
4972282 8 3 0
4972332 3 3 0
4972382 27 23 0
4972432 31 34 0
4972482 0 0 0
4972533 15 13 0
4972583 9 5 0
4972633 0 0 0
4972683 0 0 0
4972733 21 15 0
4972783 9 5 0
4972833 2 1 0
4972883 24 13 0
4972933 26 17 0
4972983 0 0 0
4973033 22 18 0
4973083 28 24 0
4973133 9 1 0
4973186 30 17 0
4973236 0 0 0
4973286 0 0 0
4973336 17 13 0
4973386 22 10 0
4973436 29 22 0
4973486 30 22 0
4973536 18 18 0
4973588 28 27 0
4973638 21 12 0
4973688 29 38 0
4973738 22 11 0
4973788 21 22 0
4973838 31 23 0
4973888 24 8 0
4973938 31 34 0
4973988 32 21 0
4974038 28 20 0
4974088 28 19 0
4974138 31 28 0
4974188 24 19 0
4974238 25 29 0
4974288 30 31 0
4974338 20 6 0
4974388 30 25 0
4974438 17 18 0
4974488 0 0 0
4974538 10 10 0
4974588 24 16 0
4974638 0 0 0
4974689 5 2 0
4974739 12 10 0
4974793 1 0 0
4974843 15 8 0
4974893 26 20 0
4974943 0 0 0
4974993 4 9 0
4975043 31 26 0
4975093 5 1 0
4975143 0 0 0
4975200 5 5 0
4975250 13 8 0
4975300 0 0 0
4975350 0 0 0
4975400 0 0 0
4975450 2 3 0
4975500 3 3 0
4975550 16 16 0
4975600 10 4 0
4975650 13 6 0
4975700 26 15 0
4975750 2 1 0
4975800 24 20 0
4975850 13 12 0
4975900 31 29 0
4975950 12 7 0
4976000 31 38 0
4976056 9 9 0
4976106 13 11 0
4976156 24 17 0
4976206 38 25 0
4976259 17 9 0
4976309 24 17 0
4976362 15 18 0
4976412 13 9 0
4976465 13 11 0
4976515 23 9 0
4976565 21 12 0
4976615 2 1 0
4976665 0 0 0
4976715 25 14 0
4976765 8 5 0
4976815 3 6 0
4976867 0 0 0
4976917 21 19 0
4976970 34 21 0
4977020 25 20 0
4977073 0 0 0
4977123 3 2 0
4977173 27 27 0
4977223 16 18 0
4977273 0 0 0
4977323 2 3 0
4977392 0 0 0
4977442 6 2 0
4977492 35 22 0
4977542 4 1 0
4977592 0 0 0
4977642 31 18 0
4977700 12 5 0
4977750 12 6 0
4977800 30 29 0
4977850 28 10 1
4977900 33 25 0
4977950 28 27 0
4978000 0 0 0
4978050 0 0 0
4978100 0 0 0
4978150 2 3 0
4978200 29 19 0
4978250 0 0 0
4978300 19 16 0
4978350 13 10 0
4978400 1 0 0
4978450 0 0 0
4978500 0 0 0
4978550 2 2 0
4978600 29 24 0
4978650 33 21 0
4978700 32 25 0
4978750 22 23 0
4978800 27 13 0
4978850 31 20 0
4978900 27 22 0
4978950 34 33 0
4979003 34 20 0
4979053 28 22 0
4979103 27 19 0
4979153 25 23 0
4979203 33 36 0
4979253 33 31 0
4979303 33 20 0
4979353 19 6 0
4979403 20 5 0
4979453 13 6 0
4979539 22 22 0
4979589 12 8 0
4979639 31 23 0
4979689 8 6 0
4979739 0 0 0
4979789 20 18 0
4979839 34 15 0
4979889 22 16 0
4979939 0 0 0
4979990 0 0 0
4980040 6 5 0
4980090 2 0 0
4980140 0 0 0
4980190 28 11 0
4980242 30 26 0
4980292 18 13 0
4980344 0 0 0
4980394 0 0 0
4980444 0 0 0
4980494 2 0 0
4980544 26 22 0
4980594 9 6 0
4980644 0 0 0
4980694 20 12 0
4980744 24 8 0
4980794 1 0 0
4980844 1 1 0
4980894 6 4 0
4980944 27 18 0
4980994 21 7 0
4981044 0 0 0
4981097 0 0 0
4981147 11 12 0
4981197 0 0 0
4981247 7 2 0
4981297 33 25 0
4981347 27 10 0
4981397 12 6 0
4981447 0 0 0
4981497 0 0 0
4981547 7 3 0
4981597 31 29 0
4981647 28 22 0
4981697 27 29 0
4981747 21 6 0
4981797 24 19 0
4981847 25 15 0
4981897 27 13 0
4981947 33 23 1
4981997 16 11 0
4982047 25 15 0
4982097 31 25 0
4982147 7 7 0
4982197 21 11 0
4982247 32 24 0
4982297 22 11 0
4982347 32 20 0
4982397 28 11 0
4982447 31 31 1
4982497 15 6 0
4982547 23 20 0
4982597 14 13 0
4982647 0 0 0
4982697 13 7 0
4982747 27 9 0
4982797 30 32 0
4982847 16 11 0
4982897 0 0 0
4982947 7 12 0
4982997 32 25 0
4983047 3 0 0
4983097 0 0 0
4983152 10 7 0
4983208 4 2 0
4983258 4 4 0
4983308 0 0 0
4983358 0 0 0
4983408 0 0 0
4983458 0 0 0
4983508 14 16 0
4983558 21 13 0
4983608 4 1 0
4983658 0 0 0
4983708 15 7 0
4983758 28 23 0
4983808 20 11 0
4983858 2 1 0
4983908 0 0 0
4983958 28 21 0
4984008 12 5 0
4984058 0 0 0
4984108 1 0 0
4984158 17 9 0
4984208 27 23 0
4984258 29 15 0
4984317 0 0 0
4984367 8 10 0
4984417 0 0 0
4984467 9 3 0
4984518 32 20 0
4984568 10 5 0
4984618 0 0 0
4984668 0 0 0
4984718 27 20 0
4984768 11 11 0
4984818 1 1 0
4984868 28 16 0
4984918 27 15 0
4984968 16 7 0
4985018 0 0 0
4985068 24 17 0
4985118 33 22 0
4985168 28 14 0
4985218 38 34 0
4985268 26 14 0
4985318 33 23 0
4985368 34 23 0
4985418 19 13 0
4985468 31 19 0
4985519 21 10 0
4985569 34 28 0
4985619 29 28 0
4985669 30 16 0
4985719 32 31 0
4985769 11 5 0
4985819 35 24 0
4985870 32 15 0
4985920 35 37 0
4985972 34 29 0
4986022 25 24 0
4986083 13 8 0
4986133 6 3 0
4986183 22 16 0
4986233 29 13 0
4986283 1 0 0
4986333 0 0 0
4986383 0 0 0
4986433 0 0 0
4986483 19 20 0
4986533 28 37 0
4986583 24 12 0
4986633 22 14 0
4986683 0 0 0
4986734 0 0 0
4986784 0 0 0
4986834 8 8 0
4986884 28 16 0
4986934 7 5 0
4986984 0 0 0
4987034 0 0 0
4987084 19 15 0
4987134 9 4 0
4987184 0 0 0
4987234 18 7 0
4987284 29 25 0
4987334 8 1 0
4987384 0 0 0
4987434 0 0 0
4987484 0 0 0
4987534 31 12 0
4987584 10 7 0
4987634 0 0 0
4987684 2 0 0
4987734 29 20 0
4987784 5 5 0
4987834 0 0 0
4987884 29 23 0
4987934 29 28 0
4987984 8 7 0
4988034 19 17 0
4988084 20 7 0
4988134 0 0 0
4988184 6 6 0
4988234 3 1 0
4988284 0 0 0
4988334 24 28 0
4988384 18 6 0
4988434 0 0 0
4988484 8 6 0
4988539 30 18 0
4988589 3 2 0
4988639 0 0 0
4988689 9 7 0
4988739 0 0 0
4988789 0 0 0
4988839 8 7 0
4988889 29 13 0
4988939 37 19 0
4988989 33 14 0
4989039 27 12 0
4989090 0 0 0
4989140 12 4 0
4989190 36 24 0
4989240 30 19 0
4989290 19 10 0
4989340 33 20 0
4989390 34 29 0
4989440 36 26 0
4989490 36 23 0
4989540 31 20 0
4989597 0 0 0
4989647 23 15 1
4989701 13 7 0
4989751 29 10 0
4989801 28 13 0
4989851 24 18 0
4989901 33 11 0
4989951 2 1 0
4990001 0 0 0
4990051 6 4 0
4990101 0 0 0
4990151 0 0 0
4990201 0 0 0
4990251 7 8 0
4990301 36 16 0
4990351 27 17 0
4990401 30 26 0
4990451 36 25 0
4990501 33 25 0
4990551 8 4 0
4990601 0 0 0
4990651 20 13 0
4990701 11 8 0
4990751 4 3 0
4990801 15 12 0
4990851 35 11 0
4990901 6 2 0
4990951 0 0 0
4991001 1 0 0
4991051 0 0 0
4991101 7 1 0
4991151 13 14 0
4991204 6 0 0
4991254 6 5 0
4991304 7 6 0
4991354 16 8 0
4991404 16 12 0
4991454 17 9 0
4991504 22 13 0
4991554 14 14 0
4991604 2 3 0
4991654 4 4 0
4991704 0 0 0
4991754 0 0 0
4991804 15 21 0
4991854 23 21 0
4991905 1 1 0
4991955 0 0 0
4992005 1 0 0
4992055 26 20 0
4992105 25 16 1
4992155 20 13 0
4992205 17 6 0
4992255 0 0 0
4992305 21 27 0
4992355 33 28 0
4992405 11 9 0
4992455 4 4 0
4992505 11 8 0
4992555 24 25 0
4992605 34 22 0
4992655 28 15 0
4992705 18 5 0
4992755 3 2 0
4992805 0 0 0
4992855 0 0 0
4992905 25 16 1
4992955 8 3 0
4993005 1 1 0
4993055 0 0 0
4993105 0 0 0
4993155 0 0 0
4993205 2 0 0
4993255 16 8 0
4993306 36 18 0
4993356 1 0 0
4993406 0 0 0
4993456 16 6 0
4993510 37 26 0
4993560 24 11 0
4993610 23 27 0
4993660 38 25 0
4993710 40 24 0
4993760 40 24 0
4993810 37 15 0
4993860 34 24 0
4993910 35 22 0
4993960 33 21 0
4994010 38 16 0
4994060 32 19 0
4994110 35 27 0
4994161 16 5 0
4994211 22 12 0
4994261 21 8 0
4994311 25 18 0
4994361 14 7 0
4994411 7 5 0
4994461 21 13 0
4994511 0 0 0
4994561 1 1 0
4994611 12 10 0
4994661 19 10 0
4994711 20 8 0
4994761 20 5 0
4994811 23 15 0
4994861 13 11 0
4994911 30 17 0
4994961 38 17 0
4995011 36 29 0
4995061 32 18 1
4995111 36 22 0
4995161 33 17 0
4995211 36 20 0
4995266 5 0 0
4995316 26 13 0
4995366 35 15 0
4995416 33 28 0
4995466 32 29 0
4995516 33 19 0
4995566 40 19 0
4995616 34 20 0
4995666 31 17 0
4995716 37 20 0
4995766 36 31 0
4995816 36 20 0
4995866 39 22 1
4995916 33 24 0
4995966 33 21 0
4996016 35 34 1
4996066 35 22 0
4996116 35 17 0
4996166 38 26 0
4996216 37 27 0
4996266 34 25 0
4996316 35 29 0
4996366 37 37 0
4996416 37 38 0
4996466 32 23 0
4996516 36 20 0
4996566 34 34 0
4996616 37 28 0
4996666 35 34 1
4996716 36 22 0
4996766 25 11 0
4996816 31 22 0
4996866 39 41 0
4996916 39 30 0
4996966 36 39 0
4997016 33 21 0
4997066 35 26 0
4997116 34 53 0
4997166 38 25 0
4997216 35 27 0
4997266 36 30 0
4997316 32 29 0
4997366 35 30 0
4997416 35 24 0
4997466 36 23 0
4997516 36 30 0
4997566 36 40 0
4997616 34 30 0
4997666 35 29 0
4997716 38 20 0
4997766 36 44 0
4997816 39 26 0
4997866 32 19 0
4997916 36 22 0
4997966 32 40 0
4998016 16 13 0
4998066 0 0 0
4998116 0 0 0
4998166 0 0 0
4998216 0 0 0
4998266 0 0 0
4998316 0 0 0
4998366 0 0 0
4998417 0 0 0
4998467 0 0 0
4998517 0 0 0
4998567 0 0 0
4998617 0 0 0
4998667 0 0 0
4998717 0 0 0
4998767 0 0 0
4998817 0 0 0
4998867 0 0 0
4998917 0 0 0
4998968 0 0 0
4999018 21 30 0
4999068 38 29 0
4999118 37 34 0
4999168 33 22 0
4999218 38 31 0
4999268 40 34 0
4999318 43 36 0
4999368 39 37 0
4999418 35 39 0
4999468 38 44 0
4999518 38 41 0
4999568 36 24 0
4999618 37 29 0
4999668 38 52 0
4999718 40 32 0
4999768 36 21 0
4999818 35 37 0
4999868 39 36 0
4999918 32 28 0
4999968 37 38 0
5000018 37 43 0
5000068 39 28 0
5000118 40 42 0
5000168 39 43 0
5000218 42 63 0
5000268 40 31 0
5000318 39 33 0
5000368 39 30 0
5000418 34 42 0
5000468 34 33 0
5000518 39 50 0
5000568 38 47 0
5000618 37 50 0
5000668 37 48 0
5000718 38 57 0
5000768 39 63 0
5000818 33 40 0
5000868 37 45 0
5000918 39 54 0
5000968 37 42 0
5001018 38 37 0
5001068 35 39 0
5001118 43 54 0
5001168 36 51 0
5001218 40 31 2
5001268 37 47 0
5001318 39 42 0
5001368 42 42 0
5001418 39 65 0
5001468 40 45 0
5001518 40 47 0
5001568 37 62 0
5001618 42 51 0
5001668 39 41 0
5001718 35 52 0
5001768 19 31 0
5001818 38 40 0
5001868 37 76 0
5001918 36 39 0
5001968 38 51 0
5002018 37 35 0
5002068 39 44 0
5002118 35 51 0
5002168 35 40 0
5002218 40 42 0
5002268 42 39 0
5002318 37 28 0
5002368 37 39 0
5002418 42 67 0
5002468 41 39 0
5002518 35 47 0
5002568 43 71 0
5002618 33 43 0
5002668 31 26 0
5002718 42 51 1
5002768 39 54 0
5002818 44 62 0
5002868 40 44 0
5002918 41 52 0
5002968 44 92 0
5003018 37 31 0
5003068 41 72 0
5003118 36 32 0
5003168 37 72 0
5003218 39 57 0
5003268 39 34 0
5003318 41 58 0
5003368 37 59 0
5003418 36 79 0
5003468 45 62 0
5003518 29 46 0
5003568 39 46 0
5003618 39 42 0
5003668 40 42 0
5003718 41 62 0
5003768 37 74 0
5003818 39 45 0
5003868 43 60 1
5003918 34 40 0
5003968 40 80 0
5004018 43 66 0
5004068 40 76 0
5004118 39 44 0
5004168 38 58 0
5004218 41 68 0
5004268 39 65 0
5004318 44 51 0
5004368 41 84 0
5004418 35 43 0
5004468 39 61 0
5004518 34 50 0
5004568 42 105 1
5004618 39 55 0
5004668 43 70 0
5004718 40 84 0
5004768 42 57 0
5004818 38 73 0
5004868 43 84 0
5004918 36 64 0
5004968 36 51 0
5005018 39 78 0
5005068 35 80 0
5005118 37 67 0
5005168 30 62 0
5005218 32 54 0
5005268 37 74 0
5005318 43 85 0
5005368 42 84 0
5005418 37 70 0
5005468 38 62 0
5005518 39 67 0
5005568 37 77 1
5005618 43 60 0
5005668 45 67 0
5005718 42 86 0
5005768 42 68 0
5005818 48 84 0
5005868 42 127 0
5005918 37 66 0
5005968 42 92 0
5006018 42 93 0
5006068 40 83 0
5006118 38 84 0
5006168 45 94 0
5006218 44 98 0
5006268 31 66 0
5006318 39 63 0
5006368 46 95 0
5006418 40 92 0
5006468 41 128 0
5006518 47 116 0
5006568 45 111 0
5006618 42 97 0
5006668 36 68 0
5006718 30 57 0
5006768 20 56 0
5006818 44 137 0
5006868 40 117 0
5006918 45 86 0
5006968 38 78 0
5007018 44 130 0
5007068 45 105 0
5007118 39 88 0
5007168 40 90 0
5007218 45 120 0
5007268 43 104 1
5007318 41 81 0
5007368 36 82 0
5007418 44 117 0
5007468 47 91 0
5007518 41 100 0
5007568 44 113 0
5007618 40 110 0
5007668 39 114 0
5007718 43 142 0
5007768 41 116 0
5007818 44 96 0
5007868 39 106 0
5007918 45 141 0
5007968 48 125 0
5008018 40 125 0
5008068 38 111 0
5008118 44 109 0
5008170 36 120 0
5008220 39 136 0
5008270 41 162 0
5008320 46 129 0
5008370 42 127 0
5008420 45 126 0
5008470 31 70 0
5008520 34 92 0
5008570 44 162 0
5008620 46 149 0
5008670 47 132 0
5008720 46 136 0
5008770 44 162 0
5008820 49 107 0
5008870 46 160 0
5008920 47 184 0
5008970 44 156 0
5009020 45 90 1
5009070 47 177 0
5009120 47 160 1
5009170 47 154 0
5009220 44 117 1
5009270 51 208 1
5009320 49 158 0
5009370 47 145 0
5009420 38 146 0
5009470 44 149 0
5009520 45 157 0
5009570 47 183 0
5009620 46 120 0
5009670 46 126 0
5009720 45 169 0
5009770 56 185 0
5009820 48 216 0
5009870 43 144 0
5009920 47 154 1
5009970 52 193 0
5010020 47 152 0
5010070 49 171 1
5010120 49 199 0
5010170 43 251 0
5010220 51 210 0
5010270 47 190 0
5010320 48 161 0
5010370 47 212 0
5010420 44 199 0
5010470 50 314 0
5010521 49 179 0
5010571 52 248 0
5010621 53 167 0
5010671 48 264 0
5010721 52 306 0
5010771 47 220 0
5010821 56 203 1
5010871 51 210 0
5010921 55 202 0
5010971 51 192 0
5011021 50 213 0
5011071 50 217 0
5011121 48 218 0
5011171 45 203 1
5011221 47 259 0
5011271 45 257 1
5011321 58 277 0
5011371 40 186 0
5011421 30 247 0
5011471 38 180 0
5011521 50 340 0
5011571 33 139 1
5011621 0 0 0
5011671 0 0 0
5011721 0 0 0
5011771 0 0 0
5011821 0 0 0
5011871 0 0 0
5011921 0 0 0
5011971 0 0 0
5012021 0 0 0
5012071 0 0 0
5012121 0 0 0
5012171 0 0 0
5012221 0 0 0
5012271 0 0 0
5012321 0 0 0
5012371 0 0 0
5012421 0 0 0
5012471 0 0 0
5012521 0 0 0
5012571 19 108 0
5012621 49 279 0
5012671 61 387 0
5012721 64 360 0
5012771 59 331 0
5012821 58 325 1
5012871 63 457 0
5012921 57 322 0
5012971 64 448 0
5013021 63 400 0
5013071 64 350 0
5013121 65 396 0
5013171 61 313 0
5013221 64 360 1
5013271 59 338 0
5013321 52 327 0
5013371 54 370 0
5013421 57 420 0
5013471 58 426 1
5013521 63 505 0
5013571 59 448 0
5013621 61 463 0
5013671 62 447 0
5013721 54 445 1
5013771 62 379 1
5013821 58 439 1
5013871 62 425 0
5013921 64 542 0
5013971 59 512 0
5014021 58 471 0
5014071 68 548 0
5014121 64 483 0
5014171 61 498 0
5014221 60 559 0
5014271 61 526 0
5014321 61 462 1
5014371 67 576 0
5014421 73 739 0
5014471 63 753 0
5014521 68 536 0
5014571 62 524 1
5014621 71 726 1
5014671 64 631 0
5014721 69 709 1
5014771 55 713 0
5014821 0 0 0
5014871 0 0 0
5014921 0 0 0
5014971 0 0 0
5015021 0 0 0
5015071 0 0 0
5015121 0 0 0
5015171 0 0 0
5015221 0 0 0
5015271 0 0 0
5015321 0 0 0
5015371 0 0 0
5015421 0 0 0
5015471 0 0 0
5015521 0 0 0
5015571 0 0 0
5015621 0 0 0
5015671 0 0 0
5015721 0 0 0
5015771 12 214 0
5015821 67 626 0
5015871 67 632 0
5015921 57 617 0
5015971 43 436 1
5016021 58 535 1
5016071 58 621 1
5016121 60 747 1
5016171 69 581 0
5016221 63 732 0
5016271 72 724 0
5016321 72 631 1
5016371 51 488 0
5016421 59 660 0
5016471 74 766 1
5016521 65 660 0
5016571 70 632 1
5016621 71 689 0
5016671 73 732 0
5016726 51 469 1
5016776 39 231 1
5016826 70 411 0
5016876 49 270 0
5016926 32 177 0
5016976 8 28 0
5017027 69 284 0
5017077 64 362 1
5017127 67 321 0
5017177 0 0 0
5017227 0 0 0
5017277 0 0 0
5017327 0 0 0
5017377 0 0 0
5017427 0 0 0
5017477 0 0 0
5017527 0 0 0
5017577 0 0 0
5017627 0 0 0
5017677 0 0 0
5017727 0 0 0
5017777 0 0 0
5017827 0 0 0
5017877 0 0 0
5017927 0 0 0
5017977 0 0 0
5018027 0 0 0
5018077 0 0 0
5018127 3 25 0
5018177 64 224 1
5018227 67 279 0
5018277 87 328 0
5018327 78 259 0
5018377 85 353 0
5018427 85 237 0
5018477 84 252 1
5018527 89 299 0
5018577 82 237 0
5018627 92 247 0
5018677 91 352 0
5018727 96 243 0
5018777 73 225 0
5018827 54 173 0
5018877 93 248 1
5018927 88 232 2
5018977 73 175 0
5019027 86 204 0
5019077 87 232 1
5019127 91 224 0
5019177 84 234 2
5019227 64 156 0
5019277 79 212 0
5019327 80 177 0
5019377 69 147 1
5019427 81 179 1
5019477 82 151 0
5019527 87 203 0
5019577 77 180 0
5019627 87 160 1
5019677 77 142 1
5019727 86 136 0
5019777 84 144 1
5019827 74 129 0
5019877 78 109 0
5019927 87 158 0
5019977 79 128 1
5020027 82 153 0
5020077 82 122 0
5020127 0 0 0
5020177 0 0 0
5020227 0 0 0
5020277 0 0 0
5020327 0 0 0
5020377 0 0 0
5020427 0 0 0
5020477 0 0 0
5020527 0 0 0
5020577 0 0 0
5020627 0 0 0
5020677 0 0 0
5020727 0 0 0
5020777 0 0 0
5020827 0 0 0
5020877 0 0 0
5020927 0 0 0
5020977 0 0 0
5021027 0 0 0
5021077 3 6 0
5021127 83 129 0
5021177 86 104 0
5021227 83 120 0
5021277 80 99 0
5021327 89 124 0
5021377 82 91 0
5021427 85 124 0
5021477 88 131 0
5021527 87 145 1
5021577 87 133 0
5021627 82 132 0
5021677 87 130 0
5021730 67 101 1
5021780 66 61 0
5021830 70 95 0
5021880 75 92 0
5021930 85 98 0
5021980 88 100 1
5022030 81 108 0
5022080 84 135 0
5022130 83 124 0
5022180 48 70 0
5022230 81 133 0
5022280 89 146 0
5022330 79 78 0
5022380 84 109 0
5022430 84 96 0
5022480 80 117 0
5022530 51 41 0
5022580 54 50 0
5022630 82 73 0
5022680 90 80 2
5022730 85 71 0
5022780 86 97 0
5022830 83 88 0
5022880 88 62 1
5022930 86 86 0
5022980 87 84 2
5023030 83 61 0
5023080 89 89 0
5023130 86 76 1
5023180 88 60 1
5023230 18 13 0
5023280 0 0 0
5023330 0 0 0
5023380 0 0 0
5023430 0 0 0
5023480 0 0 0
5023530 0 0 0
5023580 0 0 0
5023630 0 0 0
5023680 0 0 0
5023730 0 0 0
5023780 0 0 0
5023830 0 0 0
5023880 0 0 0
5023930 0 0 0
5023980 0 0 0
5024030 0 0 0
5024080 0 0 0
5024130 0 0 0
5024180 0 0 0
5024230 65 58 0
5024280 90 51 0
5024330 80 45 0
5024380 88 70 0
5024430 86 98 0
5024480 78 58 1
5024530 56 45 0
5024580 67 48 0
5024630 89 47 0
5024680 83 59 0
5024730 87 58 0
5024780 81 49 0
5024830 54 42 1
5024880 54 34 0
5024930 71 34 0
5024980 84 47 0
5025030 85 50 0
5025080 85 42 0
5025130 82 58 0
5025180 74 34 0
5025230 84 41 0
5025280 86 50 1
5025330 42 26 0
5025380 81 32 0
5025430 20 12 1
5025480 48 36 1
5025530 18 8 0
5025580 36 23 0
5025630 30 12 0
5025680 38 13 0
5025739 7 4 0
5025789 38 16 0
5025839 32 16 0
5025889 21 10 0
5025939 47 12 0
5025989 53 16 1
5026043 28 6 0
5026093 48 12 0
5026143 54 28 0
5026193 46 18 1
5026243 48 18 0
5026293 40 21 0
5026343 37 12 0
5026393 49 22 0
5026443 54 15 0
5026493 50 20 0
5026543 57 23 0
5026593 50 21 0
5026643 32 17 0
5026698 52 20 0
5026748 16 12 1
5026798 41 16 0
5026848 60 15 0
5026898 57 27 0
5026948 42 17 0
5026998 41 22 2
5027048 47 22 0
5027098 40 16 0
5027148 37 12 0
5027198 62 33 0
5027248 53 30 0
5027298 52 34 1
5027348 47 22 1
5027399 42 30 0
5027449 49 30 0
5027499 55 35 0
5027549 49 31 0
5027599 48 24 1
5027649 52 25 0
5027699 45 23 0
5027749 48 22 0
5027799 44 22 0
5027849 55 30 0
5027899 53 30 0
5027949 39 24 0
5027999 0 0 0
5028049 0 0 0
5028099 0 0 0
5028149 0 0 0
5028199 0 0 0
5028249 0 0 0
5028299 0 0 0
5028349 0 0 0
5028399 0 0 0
5028449 0 0 0
5028499 0 0 0
5028549 0 0 0
5028599 0 0 0
5028649 0 0 0
5028699 0 0 0
5028749 0 0 0
5028799 0 0 0
5028849 0 0 0
5028899 0 0 0
5028949 15 10 0
5028999 39 12 0
5029049 46 18 0
5029099 45 23 0
5029149 47 29 1
5029199 47 28 2
5029249 48 24 0
5029299 39 30 0
5029349 46 28 0
5029399 39 27 1
5029449 50 30 1
5029499 43 25 0
5029549 43 42 0
5029599 54 32 1
5029649 50 47 0
5029699 45 32 0
5029749 51 46 0
5029799 45 36 0
5029849 46 59 1
5029903 51 52 0
5029953 36 36 0
5030003 28 21 0
5030053 47 31 0
5030103 45 45 0
5030153 37 24 1
5030203 42 45 0
5030253 37 17 0
5030303 49 37 1
5030353 40 40 0
5030403 46 41 0
5030453 48 34 0
5030503 43 49 0
5030553 17 11 0
5030603 27 24 0
5030653 36 23 0
5030708 0 0 0
5030758 42 34 2
5030808 32 38 0
5030858 43 52 0
5030908 46 42 0
5030958 48 46 1
5031008 53 65 0
5031058 36 49 1
5031108 33 42 0
5031158 53 44 0
5031208 47 53 0
5031258 51 64 1
5031308 44 57 0
5031358 51 51 0
5031408 47 54 1
5031458 43 38 0
5031512 31 43 0
5031562 3 5 0
5031612 26 26 0
5031662 21 11 0
5031712 33 41 0
5031762 25 39 1
5031827 38 44 0
5031877 40 51 0
5031927 50 50 2
5031977 49 61 1
5032027 30 29 0
5032077 38 45 0
5032128 46 38 0
5032178 35 34 0
5032228 35 20 0
5032278 44 45 0
5032328 37 34 0
5032378 32 44 0
5032428 45 45 0
5032478 31 52 1
5032529 40 32 1
5032579 42 61 0
5032629 41 43 1
5032679 37 49 0
5032736 37 55 0
5032788 21 40 0
5032839 26 27 0
5032889 30 31 0
5032941 17 14 0
5032991 11 7 0
5033041 17 11 0
5033091 42 26 0
5033141 48 23 0
5033191 43 27 0
5033241 45 21 0
5033291 56 35 0
5033341 44 26 0
5033391 44 32 0
5033441 47 22 0
5033491 47 47 0
5033541 51 32 0
5033591 46 35 0
5033641 50 43 0
5033691 42 24 0
5033741 48 50 0
5033791 46 33 1
5033841 50 59 0
5033891 51 24 0
5033941 54 51 0
5033991 51 37 0
5034041 51 44 0
5034091 50 26 0
5034141 49 47 0
5034191 48 44 0
5034241 50 24 0
5034291 55 41 0
5034341 45 29 0
5034391 54 49 0
5034441 15 14 0
5034491 0 0 0
5034541 0 0 0
5034591 0 0 0
5034641 0 0 0
5034691 0 0 0
5034741 0 0 0
5034791 0 0 0
5034841 0 0 0
5034891 0 0 0
5034941 0 0 0
5034991 0 0 0
5035041 0 0 0
5035091 0 0 0
5035141 0 0 0
5035191 0 0 0
5035241 0 0 0
5035291 0 0 0
5035341 0 0 0
5035391 0 0 0
5035441 38 22 0
5035491 44 20 0
5035541 55 37 0
5035591 51 30 0
5035641 50 30 1
5035691 50 48 0
5035741 57 45 0
5035791 50 47 0
5035841 51 34 0
5035891 54 32 0
5035941 50 38 0
5035991 58 34 1
5036044 45 30 0
5036094 44 27 0
5036144 48 31 0
5036194 56 50 0
5036244 56 40 0
5036294 40 35 0
5036344 49 30 1
5036394 49 45 0
5036444 37 22 1
5036494 53 44 0
5036544 34 33 0
5036595 16 13 0
5036646 47 38 0
5036696 43 33 0
5036746 28 45 0
5036799 57 51 1
5036849 40 45 0
5036899 56 58 0
5036949 49 39 0
5036999 51 37 0
5037049 54 46 0
5037099 53 49 0
5037149 47 40 0
5037199 43 36 0
5037249 55 47 0
5037299 41 35 0
5037349 43 34 0
5037399 36 31 1
5037449 55 58 0
5037499 49 50 0
5037549 45 50 0
5037599 39 44 0
5037649 49 44 1
5037699 53 46 1
5037749 38 49 1
5037799 35 33 1
5037849 51 44 0
5037899 43 53 1
5037949 40 54 1
5037999 46 46 0
5038049 41 56 2
5038100 20 21 0
5038150 31 43 1
5038200 25 29 1
5038250 33 36 0
5038300 27 22 0
5038401 33 28 0
5038451 23 28 0
5038501 36 33 0
5038551 55 30 0
5038616 45 28 0
5038666 42 32 0
5038716 40 22 0
5038766 42 28 1
5038816 53 48 0
5038866 37 16 0
5038916 56 31 0
5038966 42 23 1
5039016 48 40 1
5039066 48 54 0
5039116 50 35 0
5039166 52 49 0
5039216 33 16 0
5039266 17 11 0
5039316 58 49 2
5039368 46 31 0
5039418 37 20 0
5039468 48 22 0
5039518 46 33 0
5039568 46 41 0
5039618 47 31 0
5039668 50 38 0
5039718 46 24 0
5039768 63 44 1
5039818 52 22 0
5039868 42 34 0
5039918 52 38 0
5039968 41 33 0
5040018 30 20 0
5040068 49 38 1
5040118 48 37 2
5040168 49 46 0
5040218 40 30 0
5040268 45 21 0
5040318 52 37 0
5040368 31 11 0
5040418 41 41 0
5040468 55 47 0
5040518 45 34 0
5040568 54 27 2
5040618 50 31 0
5040668 53 24 0
5040718 53 51 1
5040768 48 43 0
5040818 53 37 0
5040868 13 11 0
5040918 0 0 0
5040968 0 0 0
5041018 0 0 0
5041068 0 0 0
5041118 0 0 0
5041168 0 0 0
5041218 0 0 0
5041268 0 0 0
5041318 0 0 0
5041368 0 0 0
5041418 0 0 0
5041468 0 0 0
5041518 0 0 0
5041568 0 0 0
5041618 0 0 0
5041668 0 0 0
5041718 0 0 0
5041768 0 0 0
5041818 0 0 0
5041868 40 25 0
5041918 55 26 1
5041968 56 26 1
5042018 51 43 1
5042068 59 35 0
5042118 56 34 0
5042168 50 29 0
5042218 53 29 0
5042268 67 33 0
5042318 43 21 0
5042368 54 39 0
5042418 47 33 0
5042468 51 30 0
5042518 61 43 0
5042569 47 23 0
5042619 52 38 0
5042669 56 32 0
5042719 55 38 0
5042769 64 48 0
5042819 54 41 0
5042869 60 26 1
5042919 68 58 0
5042969 56 33 1
5043019 43 28 1
5043069 41 26 0
5043119 44 33 0
5043169 69 41 0
5043219 45 37 0
5043269 34 19 0
5043319 42 23 1
5043369 47 25 0
5043419 57 39 0
5043469 51 34 0
5043519 51 33 0
5043569 31 35 0
5043619 62 40 0
5043669 61 38 0
5043719 31 27 1
5043769 54 48 0
5043819 46 40 0
5043869 35 19 0
5043919 52 52 2
5043969 56 37 0
5044019 28 29 1
5044072 40 26 0
5044122 41 41 0
5044172 62 55 0
5044222 59 39 0
5044272 55 46 0
5044322 46 35 0
5044372 60 67 0
5044422 32 24 0
5044473 38 41 0
5044523 51 48 0
5044573 50 33 0
5044623 36 45 0
5044673 55 37 0
5044723 56 51 2
5044773 39 59 0
5044823 47 34 0
5044873 53 42 2
5044923 55 42 0
5044973 39 51 0
5045023 39 44 0
5045074 45 44 0
5045124 51 74 0
5045174 47 47 0
5045224 52 65 0
5045274 50 43 0
5045324 17 21 0
5045374 32 33 0
5045424 32 45 0
5045491 16 8 0
5045543 7 3 0
5045593 23 17 0
5045643 33 32 0
5045697 11 25 0
5045747 3 1 0
5045797 48 24 0
5045847 52 42 0
5045897 48 48 0
5045947 52 37 0
5045997 35 32 0
5046047 9 7 1
5046097 48 41 0
5046147 54 49 0
5046197 47 40 0
5046247 41 29 0
5046297 53 43 0
5046347 46 45 0
5046397 42 26 0
5046447 46 44 0
5046497 52 34 0
5046547 46 26 1
5046597 48 40 0
5046647 51 36 1
5046697 48 25 0
5046747 25 18 1
5046797 46 25 0
5046847 49 35 0
5046897 47 31 1
5046947 55 35 0
5046997 53 40 0
5047047 57 60 0
5047097 54 69 0
5047147 53 42 0
5047197 23 31 0
5047247 0 0 0
5047299 0 0 0
5047349 0 0 0
5047399 0 0 0
5047449 0 0 0
5047499 0 0 0
5047549 0 0 0
5047599 0 0 0
5047649 0 0 0
5047699 0 0 0
5047749 0 0 0
5047799 0 0 0
5047849 0 0 0
5047899 0 0 0
5047949 0 0 0
5047999 0 0 0
5048049 0 0 0
5048099 0 0 0
5048149 0 0 0
5048199 23 26 0
5048249 44 42 0
5048299 42 15 0
5048349 49 38 1
5048399 48 34 0
5048449 48 19 0
5048499 48 22 0
5048549 39 24 0
5048599 46 40 0
5048649 44 43 0
5048699 45 16 1
5048749 46 27 0
5048799 46 34 0
5048849 50 44 0
5048899 45 34 1
5048949 52 55 1
5048999 53 41 0
5049049 50 30 0
5049099 52 32 0
5049149 55 38 0
5049199 46 36 1
5049249 40 32 1
5049299 58 49 0
5049349 51 61 0
5049399 42 30 0
5049449 51 38 1
5049499 55 54 0
5049549 58 54 0
5049599 49 60 1
5049649 47 37 0
5049699 58 65 1
5049749 54 45 0
5049799 55 41 1
5049849 37 31 0
5049899 57 59 0
5049949 48 36 0
5049999 50 59 0
5050049 54 54 0
5050099 40 36 1
5050149 54 38 0
5050199 56 38 0
5050249 51 56 0
5050299 49 56 0
5050349 61 87 1
5050399 37 39 1
5050449 49 39 0
5050499 52 39 1
5050549 55 54 0
5050599 48 44 0
5050650 51 47 0
5050700 57 36 1
5050750 48 42 1
5050800 42 37 0
5050850 49 60 0
5050900 0 0 0
5050950 22 31 0
5051000 54 51 0
5051050 48 69 0
5051100 35 40 0
5051150 0 0 0
5051201 3 5 0
5051251 25 13 0
5051301 31 32 0
5051351 36 31 0
5051401 34 31 0
5051452 10 8 0
5051502 24 17 0
5051552 31 46 0
5051602 0 0 0
5051652 32 36 0
5051702 40 41 0
5051752 19 27 0
5051802 48 55 1
5051852 22 14 1
5051902 37 36 0
5051952 49 50 0
5052005 53 45 0
5052055 38 34 1
5052105 51 49 0
5052155 34 26 0
5052205 50 41 0
5052255 44 36 1
5052323 18 15 0
5052373 44 26 0
5052423 50 66 0
5052473 29 27 0
5052523 48 35 0
5052579 16 13 0
5052629 26 20 0
5052679 37 33 0
5052729 31 23 0
5052787 25 26 0
5052837 41 37 0
5052887 44 44 0
5052937 47 44 0
5052987 48 35 0
5053037 53 38 1
5053087 48 50 0
5053137 48 52 0
5053187 34 35 0
5053237 47 35 0
5053287 41 23 0
5053337 42 34 0
5053387 47 28 0
5053437 44 29 1
5053487 50 43 0
5053537 42 31 0
5053587 45 27 0
5053637 50 57 0
5053687 39 28 0
5053737 49 54 0
5053787 46 31 0
5053837 46 41 0
5053887 45 33 1
5053937 44 28 0
5053987 51 13 0
5054037 48 44 0
5054087 44 32 0
5054137 42 23 0
5054187 45 33 0
5054237 51 33 0
5054287 44 33 0
5054337 45 25 1
5054387 10 4 0
5054437 0 0 0
5054487 0 0 0
5054537 0 0 0
5054587 0 0 0
5054637 0 0 0
5054687 0 0 0
5054737 0 0 0
5054787 0 0 0
5054837 0 0 0
5054887 0 0 0
5054937 0 0 0
5054987 0 0 0
5055037 0 0 0
5055087 0 0 0
5055137 0 0 0
5055187 0 0 0
5055237 0 0 0
5055287 0 0 0
5055337 0 0 0
5055387 26 18 0
5055437 34 23 1
5055487 37 19 0
5055540 46 28 0
5055590 26 10 0
5055640 34 25 0
5055690 41 25 0
5055740 38 48 0
5055790 47 38 0
5055840 39 33 0
5055890 39 28 0
5055940 44 26 0
5055990 37 28 0
5056040 46 28 0
5056090 40 27 0
5056140 46 38 0
5056190 41 37 0
5056240 42 39 0
5056290 45 47 0
5056340 48 43 0
5056390 44 33 0
5056440 45 44 1
5056490 51 60 2
5056540 52 40 0
5056590 23 12 0
5056640 45 59 0
5056690 48 26 0
5056740 22 14 0
5056790 28 24 0
5056840 26 21 0
5056890 35 29 0
5056940 39 27 0
5056990 41 27 0
5057040 51 32 0
5057090 33 20 0
5057140 40 24 1
5057190 34 20 0
5057240 50 42 3
5057290 36 22 0
5057340 43 26 0
5057390 36 19 0
5057440 43 36 1
5057490 32 33 0
5057540 31 24 0
5057590 42 41 0
5057640 39 29 0
5057690 49 29 0
5057740 48 29 0
5057790 44 45 0
5057840 48 39 0
5057890 54 42 0
5057940 46 37 0
5057990 58 43 0
5058040 38 36 2
5058090 50 49 1
5058140 35 25 0
5058190 42 38 1
5058240 47 35 0
5058290 46 34 0
5058340 52 42 0
5058390 45 30 0
5058441 39 27 1
5058491 57 58 0
5058541 44 31 0
5058591 50 20 0
5058641 56 52 0
5058691 55 40 0
5058741 38 38 2
5058791 60 56 0
5058841 40 32 0
5058895 39 27 1
5058945 45 31 1
5058995 49 53 0
5059045 55 50 1
5059095 52 33 0
5059145 54 41 0
5059195 60 61 0
5059245 55 35 0
5059295 58 57 0
5059345 63 71 0
5059395 57 43 0
5059445 50 38 1
5059495 46 51 0
5059545 55 55 0
5059597 54 37 1
5059647 50 53 0
5059697 44 38 1
5059747 48 58 1
5059797 50 57 1
5059847 55 45 0
5059897 49 41 0
5059947 50 61 1
5059997 25 32 0
5060047 18 18 0
5060100 4 4 0
5060150 57 63 0
5060200 15 14 0
5060250 40 63 0
5060300 42 30 0
5060350 48 58 0
5060400 46 44 0
5060450 40 36 1
5060500 39 63 0
5060550 42 44 0
5060600 29 30 0
5060650 26 26 0
5060700 48 47 0
5060750 45 46 1
5060800 49 45 0
5060850 35 41 0
5060900 21 20 0
5060950 37 34 0
5061000 0 0 0
5061050 42 49 1
5061100 58 53 0
5061150 27 28 0
5061203 46 54 1
5061253 47 59 0
5061303 60 61 0
5061353 32 26 0
5061403 41 51 1
5061453 16 29 0
5061523 29 26 0
5061573 15 7 0
5061650 38 18 0
5061700 33 12 0
5061750 0 0 0
5061800 0 0 0
5061850 0 0 0
5061900 0 0 0
5061950 0 0 0
5062000 0 0 0
5062050 0 0 0
5062100 0 0 0
5062150 0 0 0
5062200 0 0 0
5062250 0 0 0
5062300 0 0 0
5062350 0 0 0
5062400 0 0 0
5062450 0 0 0
5062500 0 0 0
5062550 0 0 0
5062600 0 0 0
5062650 0 0 0
5062700 2 0 0
5062750 49 37 0
5062800 51 44 0
5062850 42 21 0
5062900 48 37 0
5062950 44 27 0
5063000 46 18 0
5063050 47 36 0
5063100 51 43 0
5063150 44 43 0
5063200 45 40 2
5063250 55 71 0
5063300 50 57 0
5063350 53 65 0
5063400 55 35 0
5063450 50 51 0
5063500 55 36 0
5063550 42 30 0
5063600 51 32 0
5063650 49 22 0
5063700 48 39 0
5063750 44 37 0
5063800 54 36 0
5063850 34 39 0
5063900 32 19 0
5063950 54 43 0
5064000 40 33 0
5064050 42 49 0
5064100 27 9 0
5064150 46 40 0
5064200 31 18 0
5064251 24 15 0
5064301 40 32 0
5064351 44 39 1
5064401 52 45 0
5064451 45 27 1
5064502 42 26 2
5064552 56 54 0
5064602 46 34 1
5064661 42 29 1
5064711 49 29 0
5064761 52 31 0
5064811 40 31 0
5064861 43 27 0
5064911 54 39 1
5064961 46 29 0
5065011 55 40 0
5065062 25 18 0
5065112 26 26 0
5065162 36 21 0
5065212 35 26 0
5065264 36 36 0
5065314 31 25 0
5065364 9 6 0
5065414 11 9 0
5065464 33 22 0
5065514 25 13 0
5065564 38 25 0
5065614 30 12 0
5065664 44 31 0
5065714 53 41 0
5065765 57 43 0
5065815 19 19 0
5065865 20 10 0
5065915 20 20 1
5065965 25 12 0
5066015 51 41 0
5066065 48 30 0
5066115 63 55 1
5066165 64 56 0
5066215 69 59 0
5066269 64 66 1
5066319 56 55 0
5066369 64 48 1
5066419 60 52 0
5066469 60 37 0
5066519 67 58 0
5066569 67 35 0
5066619 69 66 1
5066669 40 31 0
5066724 28 32 0
5066774 28 34 1
5066834 34 17 0
5066884 38 36 0
5066934 70 37 0
5066984 60 63 0
5067034 68 65 0
5067084 64 50 0
5067134 71 53 0
5067184 59 48 0
5067234 56 47 0
5067284 53 46 1
5067334 38 38 0
5067384 53 39 0
5067434 50 56 0
5067484 47 52 0
5067534 57 54 0
5067584 44 26 0
5067634 55 51 0
5067684 57 34 0
5067734 45 25 0
5067784 42 45 0
5067834 62 44 0
5067884 58 52 0
5067934 58 48 0
5067984 46 43 0
5068034 44 34 1
5068084 59 46 0
5068134 46 57 0
5068184 35 35 0
5068236 49 30 0
5068286 46 34 0
5068336 40 21 0
5068386 40 27 0
5068436 51 35 0
5068486 26 18 0
5068536 49 42 0
5068586 48 44 0
5068636 53 62 1
5068686 59 68 1
5068736 50 53 1
5068786 22 19 0
5068836 0 0 0
5068886 0 0 0
5068936 0 0 0
5068986 0 0 0
5069036 0 0 0
5069086 0 0 0
5069136 0 0 0
5069186 0 0 0
5069236 0 0 0
5069286 0 0 0
5069336 0 0 0
5069386 0 0 0
5069436 0 0 0
5069486 0 0 0
5069536 0 0 0
5069586 0 0 0
5069636 0 0 0
5069686 0 0 0
5069736 0 0 0
5069786 29 27 0
5069836 54 42 0
5069886 54 41 0
5069936 45 26 0
5069986 49 36 1
5070036 46 55 0
5070086 54 51 0
5070136 53 37 0
5070186 51 45 0
5070236 49 35 1
5070286 47 54 0
5070336 50 39 0
5070386 50 61 0
5070436 54 41 0
5070486 49 36 0
5070536 53 39 0
5070586 55 62 0
5070636 56 67 0
5070686 60 51 1
5070736 50 45 0
5070786 51 43 0
5070836 53 60 0
5070942 32 22 0
5070992 26 19 1
5071042 0 0 0
5071092 7 2 0
5071142 62 56 0
5071192 60 55 1
5071242 28 20 0
5071292 54 56 0
5071342 52 45 1
5071392 56 50 0
5071442 50 73 0
5071492 42 44 0
5071542 53 49 0
5071592 43 30 0
5071642 40 64 0
5071692 17 12 0
5071742 12 16 0
5071829 1 0 0
5071879 21 20 0
5071929 21 16 1
5071998 30 21 0
5072048 34 23 1
5072098 41 21 0
5072148 46 32 1
5072198 54 44 1
5072248 41 24 0
5072298 41 19 0
5072348 44 37 0
5072398 47 33 0
5072448 54 44 0
5072498 47 33 0
5072548 54 38 1
5072598 52 34 0
5072648 56 51 0
5072698 53 40 0
5072748 59 42 0
5072798 56 62 0
5072848 49 40 0
5072898 50 49 0
5072949 35 23 0
5072999 11 12 0
5073049 0 0 0
5073099 37 21 0
5073149 50 28 0
5073199 52 20 0
5073249 44 33 0
5073299 44 34 0
5073349 53 29 0
5073399 55 30 0
5073449 53 48 1
5073499 53 21 0
5073549 54 40 0
5073599 51 31 0
5073649 52 40 0
5073699 48 34 0
5073749 44 28 0
5073799 49 38 0
5073849 46 31 0
5073899 57 32 0
5073949 64 31 0
5073999 60 51 0
5074049 50 36 0
5074099 51 43 1
5074149 58 42 0
5074199 60 43 0
5074249 52 33 0
5074299 49 29 0
5074349 53 44 0
5074399 57 29 0
5074449 59 54 0
5074499 58 50 0
5074549 63 59 1
5074599 58 51 0
5074649 55 47 0
5074699 53 48 1
5074749 52 43 1
5074799 56 45 0
5074850 36 49 0
5074900 33 21 0
5074952 58 34 0
5075003 46 30 1
5075053 66 52 0
5075103 54 28 0
5075153 62 47 0
5075203 64 62 0
5075253 56 38 0
5075303 60 55 1
5075353 52 44 0
5075403 71 64 0
5075453 48 48 0
5075503 58 42 0
5075553 57 67 0
5075603 41 30 0
5075653 0 0 0
5075703 0 0 0
5075753 0 0 0
5075803 0 0 0
5075853 0 0 0
5075903 0 0 0
5075953 0 0 0
5076003 0 0 0
5076053 0 0 0
5076103 0 0 0
5076153 0 0 0
5076203 0 0 0
5076253 0 0 0
5076303 0 0 0
5076353 0 0 0
5076403 0 0 0
5076453 0 0 0
5076503 0 0 0
5076553 0 0 0
5076603 0 0 0
5076653 42 37 0
5076703 51 28 1
5076753 17 7 0
5076803 43 27 0
5076853 47 20 0
5076903 53 33 0
5076953 42 24 0
5077003 56 32 0
5077053 48 32 0
5077103 52 30 0
5077153 43 55 1
5077203 59 38 0
5077253 44 38 0
5077303 64 33 0
5077353 31 23 0
5077403 41 15 0
5077453 48 28 0
5077503 37 33 0
5077553 44 35 0
5077603 41 30 0
5077653 44 49 0
5077703 53 33 0
5077753 56 46 0
5077803 36 15 0
5077853 47 36 0
5077903 54 26 0
5077953 48 26 0
5078003 50 42 0
5078053 35 39 0
5078103 45 35 0
5078153 48 28 0
5078203 50 38 0
5078253 47 29 0
5078305 53 37 0
5078355 57 39 1
5078405 54 50 0
5078455 45 19 0
5078505 53 32 0
5078555 45 20 0
5078605 44 22 1
5078655 31 37 0
5078706 53 33 0
5078756 47 44 0
5078806 44 22 1
5078856 56 46 0
5078909 47 41 1
5078959 25 13 0
5079009 61 53 0
5079075 48 57 1
5079125 35 21 0
5079175 51 46 0
5079225 45 34 0
5079275 45 29 0
5079325 37 32 0
5079375 37 23 0
5079425 56 29 1
5079475 38 33 0
5079525 41 31 0
5079575 1 0 0
5079625 61 34 0
5079676 51 32 0
5079726 58 64 0
5079776 61 50 0
5079826 39 39 0
5079876 51 46 0
5079926 30 21 0
5079976 59 43 0
5080026 45 35 0
5080076 57 50 1
5080126 36 39 0
5080176 38 41 0
5080226 49 42 0
5080276 61 40 0
5080326 29 21 0
5080376 57 52 0
5080426 49 47 0
5080476 56 47 1
5080526 44 37 0
5080576 58 44 0
5080626 54 51 1
5080676 50 41 0
5080726 53 42 1
5080776 50 90 1
5080826 31 27 0
5080876 54 53 0
5080926 60 67 0
5080976 49 53 0
5081026 49 51 1
5081076 48 35 0
5081126 56 65 0
5081176 61 64 0
5081226 44 46 0
5081276 0 0 0
5081326 48 46 0
5081376 32 22 0
5081426 51 64 0
5081476 51 43 0
5081526 49 55 0
5081576 55 56 0
5081626 15 9 0
5081676 41 52 0
5081733 15 13 0
5081783 7 9 0
5081833 31 18 0
5081883 37 18 0
5081933 54 36 0
5081983 51 39 0
5082035 33 22 0
5082085 52 33 1
5082135 55 42 0
5082185 49 29 0
5082235 40 29 1
5082285 45 16 0
5082335 50 28 0
5082385 43 24 0
5082435 50 23 0
5082485 48 25 0
5082535 56 32 1
5082585 54 36 0
5082635 57 45 1
5082685 10 6 0
5082735 0 0 0
5082785 0 0 0
5082835 0 0 0
5082885 0 0 0
5082935 0 0 0
5082985 0 0 0
5083035 0 0 0
5083085 0 0 0
5083135 0 0 0
5083185 0 0 0
5083235 0 0 0
5083285 0 0 0
5083335 0 0 0
5083385 0 0 0
5083435 0 0 0
5083485 0 0 0
5083535 0 0 0
5083585 0 0 0
5083635 0 0 0
5083685 41 27 0
5083735 59 34 0
5083785 58 35 0
5083838 61 44 1
5083888 36 23 0
5083938 42 37 0
5084006 13 4 0
5084056 25 18 0
5084106 57 29 0
5084156 57 24 1
5084206 60 24 0
5084256 58 31 0
5084306 54 34 0
5084356 37 29 0
5084406 59 35 0
5084456 53 29 0
5084506 59 25 0
5084556 59 39 0
5084606 56 33 0
5084656 65 28 0
5084706 66 41 0
5084756 60 44 0
5084806 50 34 0
5084856 53 50 0
5084906 57 46 0
5084956 58 32 0
5085006 61 50 0
5085056 53 51 0
5085106 63 36 1
5085156 62 41 0
5085206 61 66 1
5085256 55 34 0
5085306 36 18 1
5085356 58 37 0
5085406 62 54 0
5085456 47 36 0
5085506 63 46 0
5085556 54 38 0
5085609 59 30 0
5085659 59 40 1
5085709 51 37 0
5085759 38 20 1
5085809 38 23 0
5085859 55 26 0
5085909 52 35 0
5085959 63 38 0
5086009 45 25 0
5086059 61 43 0
5086109 58 51 0
5086159 63 41 1
5086209 55 42 0
5086259 53 23 0
5086309 17 8 0
5086359 61 55 1
5086409 48 31 0
5086459 53 32 0
5086509 59 39 0
5086559 62 45 0
5086612 53 45 0
5086662 56 43 0
5086712 70 50 0
5086762 17 16 0
5086812 61 57 1
5086862 33 23 0
5086912 51 28 0
5086962 48 47 0
5087012 61 42 0
5087062 60 42 1
5087112 24 17 0
5087162 50 51 0
5087214 53 40 0
5087264 63 51 1
5087314 54 32 0
5087364 44 30 0
5087414 69 56 0
5087464 60 44 0
5087514 33 25 0
5087564 41 19 1
5087614 50 29 0
5087664 42 22 1
5087714 47 32 0
5087764 63 48 0
5087814 54 32 0
5087864 32 17 0
5087914 64 41 0
5087964 66 44 0
5088014 42 30 0
5088064 46 33 0
5088117 49 33 1
5088167 55 24 0
5088217 52 40 0
5088267 49 36 0
5088317 37 23 0
5088368 43 19 0
5088418 43 20 1
5088468 43 24 0
5088518 56 30 0
5088568 61 44 0
5088618 63 40 0
5088668 62 38 0
5088718 34 18 0
5088769 0 0 0
5088819 0 0 0
5088869 0 0 0
5088919 0 0 0
5088969 0 0 0
5089019 0 0 0
5089069 0 0 0
5089119 0 0 0
5089169 0 0 0
5089219 0 0 0
5089269 0 0 0
5089319 0 0 0
5089369 0 0 0
5089419 0 0 0
5089469 0 0 0
5089519 0 0 0
5089569 0 0 0
5089619 0 0 0
5089669 0 0 0
5089719 21 11 1
5089769 46 29 0
5089819 41 21 0
5089869 55 33 0
5089919 44 26 0
5089969 11 8 0
5090019 30 23 0
5090069 55 27 0
5090119 51 28 0
5090169 46 27 0
5090219 53 34 0
5090269 57 28 0
5090319 55 43 0
5090369 52 17 1
5090419 54 29 0
5090469 52 45 0
5090519 54 43 1
5090569 53 49 0
5090619 57 46 1
5090669 56 40 2
5090719 50 32 1
5090769 43 21 0
5090819 53 26 0
5090869 48 37 0
5090919 58 57 0
5090969 32 29 1
5091019 57 42 0
5091069 48 38 1
5091119 19 10 0
5091169 49 35 0
5091219 56 58 0
5091269 44 32 0
5091319 45 26 0
5091369 23 14 1
5091419 47 60 1
5091469 52 53 0
5091519 30 28 0
5091569 32 26 0
5091619 49 49 0
5091669 44 24 0
5091719 44 35 0
5091769 16 18 0
5091819 37 34 0
5091869 51 51 1
5091919 54 30 0
5091969 42 39 0
5092019 45 44 0
5092069 49 37 0
5092119 52 45 1
5092169 34 32 0
5092219 48 29 0
5092269 52 57 0
5092319 55 41 0
5092369 24 21 0
5092420 48 49 0
5092470 58 68 0
5092520 50 56 0
5092572 22 25 0
5092622 24 27 0
5092672 11 10 0
5092722 28 20 0
5092772 12 6 0
5092822 32 17 0
5092872 21 11 0
5092922 22 14 0
5092972 41 23 0
5093022 40 22 0
5093072 47 24 0
5093122 49 30 0
5093172 34 19 0
5093222 38 25 0
5093272 48 21 0
5093323 30 15 0
5093373 19 9 0
5093423 21 12 0
5093473 36 33 0
5093523 57 27 0
5093573 57 42 0
5093623 51 43 0
5093673 46 17 0
5093723 57 31 0
5093773 55 42 0
5093823 54 29 1
5093873 60 27 1
5093923 50 27 0
5093973 52 30 0
5094023 41 16 0
5094073 23 12 0
5094123 49 28 0
5094173 62 36 0
5094223 54 19 0
5094273 56 37 0
5094323 58 29 0
5094373 48 35 0
5094425 52 38 0
5094475 62 32 0
5094526 55 33 0
5094576 47 29 0
5094626 51 21 0
5094676 55 38 0
5094726 44 25 0
5094776 43 35 0
5094826 40 23 0
5094876 52 29 0
5094926 55 37 0
5094976 55 28 0
5095026 60 33 0
5095076 52 20 0
5095126 40 27 0
5095176 42 33 1
5095226 43 38 0
5095276 36 14 0
5095326 48 44 0
5095377 5 2 0
5095427 47 40 0
5095477 58 51 0
5095527 62 54 0
5095577 56 52 0
5095627 38 34 0
5095677 51 35 0
5095729 40 29 0
5095780 0 0 0
5095830 0 0 0
5095880 0 0 0
5095930 0 0 0
5095980 0 0 0
5096030 0 0 0
5096080 0 0 0
5096130 0 0 0
5096180 0 0 0
5096230 0 0 0
5096280 0 0 0
5096330 0 0 0
5096380 0 0 0
5096430 0 0 0
5096480 0 0 0
5096530 0 0 0
5096580 0 0 0
5096630 0 0 0
5096680 0 0 0
5096730 3 6 0
5096780 13 9 0
5096830 12 10 0
5096880 19 6 0
5096930 14 16 0
5096980 15 6 0
5097030 0 1 0
read 3000 profiled data
